Path,x,y,w,h,x_max,y_max,label
/RaabinDatabase/GrTh/Original/Basophil/20190531_112125_0.jpg,191,159,233,265,424,424,1
/RaabinDatabase/GrTh/Original/Basophil/20190526_165317_0.jpg,156,168,277,280,433,448,1
/RaabinDatabase/GrTh/Original/Basophil/20190526_170409_0.jpg,127,159,282,262,409,421,1
/RaabinDatabase/GrTh/Original/Basophil/20190527_115308_0.jpg,144,143,250,293,394,436,1
/RaabinDatabase/GrTh/Original/Basophil/20190531_120229_0.jpg,151,164,281,293,432,457,1
/RaabinDatabase/GrTh/Original/Basophil/20190531_114312_0.jpg,163,159,253,266,416,425,1
/RaabinDatabase/GrTh/Original/Basophil/20190531_113308_1.jpg,127,143,298,297,425,440,1
/RaabinDatabase/GrTh/Original/Basophil/20190531_113710_0.jpg,111,167,290,257,401,424,1
/RaabinDatabase/GrTh/Original/Basophil/20190526_163753_0.jpg,151,143,272,295,423,438,1
/RaabinDatabase/GrTh/Original/Basophil/20190527_113105_0.jpg,136,113,326,324,462,437,1
/RaabinDatabase/GrTh/Original/Basophil/20190531_112531_0.jpg,136,127,293,320,429,447,1
/RaabinDatabase/GrTh/Original/Basophil/20190531_113358_0.jpg,190,127,267,306,457,433,1
/RaabinDatabase/GrTh/Original/Basophil/20190526_164453_0.jpg,122,152,303,281,425,433,1
/RaabinDatabase/GrTh/Original/Basophil/20190526_165913_0.jpg,143,131,258,286,401,417,1
/RaabinDatabase/GrTh/Original/Basophil/20190526_164638_0.jpg,143,167,269,265,412,432,1
/RaabinDatabase/GrTh/Original/Basophil/20190531_115647_0.jpg,159,151,282,281,441,432,1
/RaabinDatabase/GrTh/Original/Basophil/20190526_164841_0.jpg,135,130,291,310,426,440,1
/RaabinDatabase/GrTh/Original/Basophil/20190531_111807_0.jpg,151,160,271,265,422,425,1
/RaabinDatabase/GrTh/Original/Basophil/20190526_170621_0.jpg,136,167,281,233,417,400,1
/RaabinDatabase/GrTh/Original/Basophil/20190527_114445_0.jpg,135,136,282,306,417,442,1
/RaabinDatabase/GrTh/Original/Basophil/20190527_113156_0.jpg,119,116,298,345,417,461,1
/RaabinDatabase/GrTh/Original/Basophil/20190526_170631_0.jpg,175,159,241,266,416,425,1
/RaabinDatabase/GrTh/Original/Basophil/20190527_114335_0.jpg,119,131,298,318,417,449,1
/RaabinDatabase/GrTh/Original/Basophil/20190531_115316_0.jpg,143,151,289,278,432,429,1
/RaabinDatabase/GrTh/Original/Basophil/20190526_165055_0.jpg,152,122,304,291,456,413,1
/RaabinDatabase/GrTh/Original/Basophil/20190531_113102_0.jpg,135,143,290,298,425,441,1
/RaabinDatabase/GrTh/Original/Basophil/20190527_114624_0.jpg,110,127,307,297,417,424,1
/RaabinDatabase/GrTh/Original/Basophil/20190531_120711_2.jpg,166,144,249,254,415,398,1
/RaabinDatabase/GrTh/Original/Basophil/20190531_114912_0.jpg,160,146,269,271,429,417,1
/RaabinDatabase/GrTh/Original/Basophil/20190531_113328_0.jpg,167,176,249,245,416,421,1
/RaabinDatabase/GrTh/Original/Basophil/20190531_110235_0.jpg,124,161,285,296,409,457,1
/RaabinDatabase/GrTh/Original/Basophil/20190531_115923_0.jpg,175,171,258,258,433,429,1
/RaabinDatabase/GrTh/Original/Basophil/20190604_111402_0.jpg,141,159,254,273,395,432,1
/RaabinDatabase/GrTh/Original/Basophil/20190531_110508_0.jpg,167,152,274,250,441,402,1
/RaabinDatabase/GrTh/Original/Basophil/20190531_105430_0.jpg,162,142,283,303,445,445,1
/RaabinDatabase/GrTh/Original/Basophil/20190527_113717_0.jpg,111,123,338,306,449,429,1
/RaabinDatabase/GrTh/Original/Basophil/20190604_111208_0.jpg,118,159,291,293,409,452,1
/RaabinDatabase/GrTh/Original/Basophil/20190526_163608_1.jpg,151,175,271,275,422,450,1
/RaabinDatabase/GrTh/Original/Basophil/20190604_110610_0.jpg,135,132,293,300,428,432,1
/RaabinDatabase/GrTh/Original/Basophil/20190527_112249_0.jpg,127,151,297,265,424,416,1
/RaabinDatabase/GrTh/Original/Basophil/20190531_120958_0.jpg,178,167,243,265,421,432,1
/RaabinDatabase/GrTh/Original/Basophil/20190531_112018_0.jpg,135,147,268,282,403,429,1
/RaabinDatabase/GrTh/Original/Basophil/20190526_170558_0.jpg,135,143,298,290,433,433,1
/RaabinDatabase/GrTh/Original/Basophil/20190527_112240_0.jpg,135,159,273,266,408,425,1
/RaabinDatabase/GrTh/Original/Basophil/20190531_110010_0.jpg,245,213,172,228,417,441,1
/RaabinDatabase/GrTh/Original/Basophil/20190531_110010_0.jpg,135,128,263,300,398,428,1
/RaabinDatabase/GrTh/Original/Basophil/20190527_115459_0.jpg,126,167,283,273,409,440,1
/RaabinDatabase/GrTh/Original/Basophil/20190604_111142_0.jpg,183,148,262,298,445,446,1
/RaabinDatabase/GrTh/Original/Basophil/20190531_115711_1.jpg,126,111,315,314,441,425,1
/RaabinDatabase/GrTh/Original/Basophil/20190531_115329_0.jpg,135,167,274,237,409,404,1
/RaabinDatabase/GrTh/Original/Basophil/20190527_111429_0.jpg,143,154,265,278,408,432,1
/RaabinDatabase/GrTh/Original/Basophil/20190531_112231_0.jpg,172,163,269,226,441,389,1
/RaabinDatabase/GrTh/Original/Basophil/20190531_111114_1.jpg,159,175,274,274,433,449,1
/RaabinDatabase/GrTh/Original/Basophil/20190526_170617_0.jpg,143,137,250,288,393,425,1
/RaabinDatabase/GrTh/Original/Basophil/20190526_170737_0.jpg,150,167,251,234,401,401,1
/RaabinDatabase/GrTh/Original/Basophil/20190531_115254_0.jpg,135,116,265,317,400,433,1
/RaabinDatabase/GrTh/Original/Basophil/20190531_110105_0.jpg,117,146,285,244,402,390,1
/RaabinDatabase/GrTh/Original/Basophil/20190531_115636_0.jpg,180,159,266,257,446,416,1
/RaabinDatabase/GrTh/Original/Basophil/20190527_114816_0.jpg,175,151,250,263,425,414,1
/RaabinDatabase/GrTh/Original/Basophil/20190527_114335_1.jpg,111,79,304,318,415,397,1
/RaabinDatabase/GrTh/Original/Basophil/20190527_112631_1.jpg,164,175,245,278,409,453,1
/RaabinDatabase/GrTh/Original/Basophil/20190531_111827_0.jpg,182,151,258,279,440,430,1
/RaabinDatabase/GrTh/Original/Basophil/20190531_120915_0.jpg,135,139,261,281,396,420,1
/RaabinDatabase/GrTh/Original/Basophil/20190604_110905_0.jpg,151,175,267,265,418,440,1
/RaabinDatabase/GrTh/Original/Basophil/20190526_170803_0.jpg,135,159,291,263,426,422,1
/RaabinDatabase/GrTh/Original/Basophil/20190527_114739_0.jpg,114,128,311,320,425,448,1
/RaabinDatabase/GrTh/Original/Basophil/20190531_112520_0.jpg,132,176,266,265,398,441,1
/RaabinDatabase/GrTh/Original/Basophil/20190527_113427_0.jpg,151,175,266,265,417,440,1
/RaabinDatabase/GrTh/Original/Basophil/20190531_113308_0.jpg,143,136,304,294,447,430,1
/RaabinDatabase/GrTh/Original/Basophil/20190527_114843_0.jpg,86,166,339,275,425,441,1
/RaabinDatabase/GrTh/Original/Basophil/20190531_120356_0.jpg,166,155,235,258,401,413,1
/RaabinDatabase/GrTh/Original/Basophil/20190526_165148_0.jpg,160,167,256,250,416,417,1
/RaabinDatabase/GrTh/Original/Basophil/20190604_110727_0.jpg,111,117,305,292,416,409,1
/RaabinDatabase/GrTh/Original/Basophil/20190531_112215_0.jpg,135,178,259,271,394,449,1
/RaabinDatabase/GrTh/Original/Basophil/20190526_163414_0.jpg,127,140,282,296,409,436,1
/RaabinDatabase/GrTh/Original/Basophil/20190604_110820_0.jpg,144,171,285,245,429,416,1
/RaabinDatabase/GrTh/Original/Basophil/20190531_110137_0.jpg,142,126,297,322,439,448,1
/RaabinDatabase/GrTh/Original/Basophil/20190527_112659_0.jpg,119,143,322,321,441,464,1
/RaabinDatabase/GrTh/Original/Basophil/20190531_114921_0.jpg,182,167,243,254,425,421,1
/RaabinDatabase/GrTh/Original/Basophil/20190531_111852_0.jpg,135,127,293,330,428,457,1
/RaabinDatabase/GrTh/Original/Basophil/20190527_112143_0.jpg,151,143,255,286,406,429,1
/RaabinDatabase/GrTh/Original/Basophil/20190531_113417_0.jpg,151,145,256,273,407,418,1
/RaabinDatabase/GrTh/Original/Basophil/20190526_170549_0.jpg,162,139,247,286,409,425,1
/RaabinDatabase/GrTh/Original/Basophil/20190526_165423_0.jpg,143,136,272,288,415,424,1
/RaabinDatabase/GrTh/Original/Basophil/20190531_120925_0.jpg,127,160,274,272,401,432,1
/RaabinDatabase/GrTh/Original/Basophil/20190604_110334_0.jpg,167,151,233,249,400,400,1
/RaabinDatabase/GrTh/Original/Basophil/20190531_115909_0.jpg,151,127,251,308,402,435,1
/RaabinDatabase/GrTh/Original/Basophil/20190531_115753_0.jpg,138,167,247,251,385,418,1
/RaabinDatabase/GrTh/Original/Basophil/20190526_165808_0.jpg,171,167,254,262,425,429,1
/RaabinDatabase/GrTh/Original/Basophil/20190531_113945_0.jpg,151,187,251,253,402,440,1
/RaabinDatabase/GrTh/Original/Basophil/20190531_105946_0.jpg,127,159,274,273,401,432,1
/RaabinDatabase/GrTh/Original/Basophil/20190531_120644_1.jpg,159,218,281,199,440,417,1
/RaabinDatabase/GrTh/Original/Basophil/20190527_111533_0.jpg,143,119,323,325,466,444,1
/RaabinDatabase/GrTh/Original/Basophil/20190531_115056_0.jpg,146,159,271,289,417,448,1
/RaabinDatabase/GrTh/Original/Basophil/20190531_115144_0.jpg,153,167,242,235,395,402,1
/RaabinDatabase/GrTh/Original/Basophil/20190527_112842_0.jpg,127,143,302,266,429,409,1
/RaabinDatabase/GrTh/Original/Basophil/20190531_114409_1.jpg,151,150,280,323,431,473,1
/RaabinDatabase/GrTh/Original/Basophil/20190531_115100_0.jpg,139,151,296,282,435,433,1
/RaabinDatabase/GrTh/Original/Basophil/20190531_120427_0.jpg,169,159,248,282,417,441,1
/RaabinDatabase/GrTh/Original/Basophil/20190531_111058_0.jpg,142,151,267,305,409,456,1
/RaabinDatabase/GrTh/Original/Basophil/20190526_170215_0.jpg,175,143,234,259,409,402,1
/RaabinDatabase/GrTh/Original/Basophil/20190531_111114_0.jpg,142,151,275,258,417,409,1
/RaabinDatabase/GrTh/Original/Basophil/20190531_114409_2.jpg,151,132,282,317,433,449,1
/RaabinDatabase/GrTh/Original/Basophil/20190527_111443_0.jpg,159,133,256,307,415,440,1
/RaabinDatabase/GrTh/Original/Basophil/20190526_164136_0.jpg,122,124,311,272,433,396,1
/RaabinDatabase/GrTh/Original/Basophil/20190531_105753_0.jpg,135,127,307,314,442,441,1
/RaabinDatabase/GrTh/Original/Basophil/20190527_112732_0.jpg,158,124,267,336,425,460,1
/RaabinDatabase/GrTh/Original/Basophil/20190526_170233_0.jpg,139,170,262,255,401,425,1
/RaabinDatabase/GrTh/Original/Basophil/20190604_111353_0.jpg,135,119,299,330,434,449,1
/RaabinDatabase/GrTh/Original/Basophil/20190531_111816_0.jpg,154,151,263,291,417,442,1
/RaabinDatabase/GrTh/Original/Basophil/20190531_111631_0.jpg,151,159,258,274,409,433,1
/RaabinDatabase/GrTh/Original/Basophil/20190531_110437_0.jpg,166,147,275,269,441,416,1
/RaabinDatabase/GrTh/Original/Basophil/20190604_110854_0.jpg,167,120,254,296,421,416,1
/RaabinDatabase/GrTh/Original/Basophil/20190531_121239_0.jpg,175,159,229,274,404,433,1
/RaabinDatabase/GrTh/Original/Basophil/20190531_120958_1.jpg,167,185,234,232,401,417,1
/RaabinDatabase/GrTh/Original/Basophil/20190526_165449_0.jpg,159,160,283,241,442,401,1
/RaabinDatabase/GrTh/Original/Basophil/20190531_114841_0.jpg,167,135,286,287,453,422,1
/RaabinDatabase/GrTh/Original/Basophil/20190531_114409_0.jpg,167,162,226,268,393,430,1
/RaabinDatabase/GrTh/Original/Basophil/20190531_105543_0.jpg,103,135,309,333,412,468,1
/RaabinDatabase/GrTh/Original/Basophil/20190526_170523_0.jpg,143,111,294,338,437,449,1
/RaabinDatabase/GrTh/Original/Basophil/20190526_170157_0.jpg,160,167,254,242,414,409,1
/RaabinDatabase/GrTh/Original/Basophil/20190531_110957_0.jpg,167,159,255,241,422,400,1
/RaabinDatabase/GrTh/Original/Basophil/20190531_110620_0.jpg,119,143,274,305,393,448,1
/RaabinDatabase/GrTh/Original/Basophil/20190527_112437_0.jpg,158,150,267,294,425,444,1
/RaabinDatabase/GrTh/Original/Basophil/20190526_170021_0.jpg,160,135,260,193,420,328,1
/RaabinDatabase/GrTh/Original/Basophil/20190526_170021_0.jpg,159,203,275,229,434,432,1
/RaabinDatabase/GrTh/Original/Basophil/20190531_111900_0.jpg,127,150,254,270,381,420,1
/RaabinDatabase/GrTh/Original/Basophil/20190526_163721_0.jpg,167,127,290,314,457,441,1
/RaabinDatabase/GrTh/Original/Basophil/20190604_110943_0.jpg,118,111,330,365,448,476,1
/RaabinDatabase/GrTh/Original/Basophil/20190526_163532_0.jpg,143,120,290,329,433,449,1
/RaabinDatabase/GrTh/Original/Basophil/20190527_111121_0.jpg,167,143,282,298,449,441,1
/RaabinDatabase/GrTh/Original/Basophil/20190527_113029_0.jpg,143,142,289,299,432,441,1
/RaabinDatabase/GrTh/Original/Basophil/20190526_164040_0.jpg,156,152,253,253,409,405,1
/RaabinDatabase/GrTh/Original/Basophil/20190531_110612_0.jpg,119,145,281,295,400,440,1
/RaabinDatabase/GrTh/Original/Basophil/20190527_115056_0.jpg,159,135,306,286,465,421,1
/RaabinDatabase/GrTh/Original/Basophil/20190531_114544_0.jpg,167,143,283,281,450,424,1
/RaabinDatabase/GrTh/Original/Basophil/20190527_111415_0.jpg,160,159,285,255,445,414,1
/RaabinDatabase/GrTh/Original/Basophil/20190526_164729_0.jpg,159,167,225,250,384,417,1
/RaabinDatabase/GrTh/Original/Basophil/20190526_165257_0.jpg,159,119,242,282,401,401,1
/RaabinDatabase/GrTh/Original/Basophil/20190531_120644_0.jpg,150,171,277,246,427,417,1
/RaabinDatabase/GrTh/Original/Basophil/20190531_105739_0.jpg,140,128,261,329,401,457,1
/RaabinDatabase/GrTh/Original/Basophil/20190531_113832_0.jpg,151,160,269,272,420,432,1
/RaabinDatabase/GrTh/Original/Basophil/20190526_165411_0.jpg,158,169,254,264,412,433,1
/RaabinDatabase/GrTh/Original/Basophil/20190527_111205_0.jpg,119,142,291,282,410,424,1
/RaabinDatabase/GrTh/Original/Basophil/20190527_112956_0.jpg,154,143,275,304,429,447,1
/RaabinDatabase/GrTh/Original/Basophil/20190604_111002_1.jpg,87,95,362,426,449,521,1
/RaabinDatabase/GrTh/Original/Basophil/20190526_163545_0.jpg,113,127,296,298,409,425,1
/RaabinDatabase/GrTh/Original/Basophil/20190531_120129_0.jpg,143,167,276,257,419,424,1
/RaabinDatabase/GrTh/Original/Basophil/20190531_112511_0.jpg,111,143,314,293,425,436,1
/RaabinDatabase/GrTh/Original/Basophil/20190527_112201_0.jpg,127,143,273,305,400,448,1
/RaabinDatabase/GrTh/Original/Basophil/20190604_111534_0.jpg,135,151,266,290,401,441,1
/RaabinDatabase/GrTh/Original/Basophil/20190527_113703_0.jpg,167,143,286,298,453,441,1
/RaabinDatabase/GrTh/Original/Basophil/20190526_164621_0.jpg,166,176,253,256,419,432,1
/RaabinDatabase/GrTh/Original/Basophil/20190531_114941_0.jpg,160,143,280,273,440,416,1
/RaabinDatabase/GrTh/Original/Basophil/20190531_115203_0.jpg,159,163,269,275,428,438,1
/RaabinDatabase/GrTh/Original/Basophil/20190531_111032_0.jpg,143,184,271,237,414,421,1
/RaabinDatabase/GrTh/Original/Basophil/20190531_105607_0.jpg,166,160,235,265,401,425,1
/RaabinDatabase/GrTh/Original/Basophil/20190527_113013_0.jpg,127,144,310,266,437,410,1
/RaabinDatabase/GrTh/Original/Basophil/20190526_164800_1.jpg,47,279,258,259,305,538,1
/RaabinDatabase/GrTh/Original/Basophil/20190531_111601_0.jpg,135,185,259,224,394,409,1
/RaabinDatabase/GrTh/Original/Basophil/20190531_113559_0.jpg,159,151,250,259,409,410,1
/RaabinDatabase/GrTh/Original/Basophil/20190527_113359_0.jpg,127,175,303,270,430,445,1
/RaabinDatabase/GrTh/Original/Basophil/20190531_115336_0.jpg,143,176,274,269,417,445,1
/RaabinDatabase/GrTh/Original/Basophil/20190527_113018_0.jpg,119,191,292,242,411,433,1
/RaabinDatabase/GrTh/Original/Basophil/20190526_163806_0.jpg,135,183,266,254,401,437,1
/RaabinDatabase/GrTh/Original/Basophil/20190527_115315_0.jpg,159,135,274,282,433,417,1
/RaabinDatabase/GrTh/Original/Basophil/20190526_164053_0.jpg,174,120,251,229,425,349,1
/RaabinDatabase/GrTh/Original/Basophil/20190526_164053_0.jpg,143,173,267,236,410,409,1
/RaabinDatabase/GrTh/Original/Basophil/20190604_110324_0.jpg,167,199,274,218,441,417,1
/RaabinDatabase/GrTh/Original/Basophil/20190604_111457_0.jpg,159,127,282,284,441,411,1
/RaabinDatabase/GrTh/Original/Basophil/20190527_114028_0.jpg,151,199,265,261,416,460,1
/RaabinDatabase/GrTh/Original/Basophil/20190531_120842_0.jpg,140,164,239,268,379,432,1
/RaabinDatabase/GrTh/Original/Basophil/20190531_114554_0.jpg,167,151,282,289,449,440,1
/RaabinDatabase/GrTh/Original/Basophil/20190604_111522_0.jpg,109,145,308,295,417,440,1
/RaabinDatabase/GrTh/Original/Basophil/20190526_165203_0.jpg,112,127,305,306,417,433,1
/RaabinDatabase/GrTh/Original/Basophil/20190531_115746_0.jpg,159,127,269,301,428,428,1
/RaabinDatabase/GrTh/Original/Basophil/20190531_115301_0.jpg,174,152,244,286,418,438,1
/RaabinDatabase/GrTh/Original/Basophil/20190527_114724_0.jpg,150,122,287,277,437,399,1
/RaabinDatabase/GrTh/Original/Basophil/20190527_115811_0.jpg,159,151,288,297,447,448,1
/RaabinDatabase/GrTh/Original/Basophil/20190531_112055_0.jpg,159,143,267,290,426,433,1
/RaabinDatabase/GrTh/Original/Basophil/20190526_163656_0.jpg,170,112,263,329,433,441,1
/RaabinDatabase/GrTh/Original/Basophil/20190527_114537_0.jpg,135,139,306,290,441,429,1
/RaabinDatabase/GrTh/Original/Basophil/20190604_111117_0.jpg,151,146,279,326,430,472,1
/RaabinDatabase/GrTh/Original/Basophil/20190531_110520_0.jpg,159,152,258,273,417,425,1
/RaabinDatabase/GrTh/Original/Basophil/20190531_112259_0.jpg,159,151,257,274,416,425,1
/RaabinDatabase/GrTh/Original/Basophil/20190526_165958_0.jpg,143,135,271,314,414,449,1
/RaabinDatabase/GrTh/Original/Basophil/20190531_110724_0.jpg,135,143,250,265,385,408,1
/RaabinDatabase/GrTh/Original/Basophil/20190531_120436_0.jpg,157,132,267,300,424,432,1
/RaabinDatabase/GrTh/Original/Basophil/20190527_112631_0.jpg,135,143,274,273,409,416,1
/RaabinDatabase/GrTh/Original/Basophil/20190526_163027_0.jpg,143,111,306,345,449,456,1
/RaabinDatabase/GrTh/Original/Basophil/20190531_115711_0.jpg,131,167,294,254,425,421,1
/RaabinDatabase/GrTh/Original/Basophil/20190531_115711_0.jpg,108,103,260,210,368,313,1
/RaabinDatabase/GrTh/Original/Basophil/20190531_114334_0.jpg,111,159,321,266,432,425,1
/RaabinDatabase/GrTh/Original/Basophil/20190527_114143_0.jpg,135,151,298,290,433,441,1
/RaabinDatabase/GrTh/Original/Basophil/20190527_111712_0.jpg,103,143,299,307,402,450,1
/RaabinDatabase/GrTh/Original/Basophil/20190526_164157_0.jpg,135,156,298,284,433,440,1
/RaabinDatabase/GrTh/Original/Basophil/20190526_163446_1.jpg,159,128,274,289,433,417,1
/RaabinDatabase/GrTh/Original/Basophil/20190531_121357_0.jpg,175,183,282,273,457,456,1
/RaabinDatabase/GrTh/Original/Basophil/20190531_114008_0.jpg,127,142,314,311,441,453,1
/RaabinDatabase/GrTh/Original/Basophil/20190526_165145_0.jpg,159,151,234,273,393,424,1
/RaabinDatabase/GrTh/Original/Basophil/20190527_112006_0.jpg,167,135,266,297,433,432,1
/RaabinDatabase/GrTh/Original/Basophil/20190531_110044_0.jpg,134,151,292,279,426,430,1
/RaabinDatabase/GrTh/Original/Basophil/20190527_112341_0.jpg,128,59,303,351,431,410,1
/RaabinDatabase/GrTh/Original/Basophil/20190531_113134_0.jpg,147,159,275,273,422,432,1
/RaabinDatabase/GrTh/Original/Basophil/20190526_164646_0.jpg,183,144,237,245,420,389,1
/RaabinDatabase/GrTh/Original/Basophil/20190527_113359_1.jpg,152,151,297,327,449,478,1
/RaabinDatabase/GrTh/Original/Basophil/20190526_170125_0.jpg,144,143,263,286,407,429,1
/RaabinDatabase/GrTh/Original/Basophil/20190526_163735_0.jpg,127,144,290,272,417,416,1
/RaabinDatabase/GrTh/Original/Basophil/20190531_115359_0.jpg,151,144,234,288,385,432,1
/RaabinDatabase/GrTh/Original/Basophil/20190527_112022_0.jpg,127,175,297,281,424,456,1
/RaabinDatabase/GrTh/Original/Basophil/20190526_165825_0.jpg,129,159,285,265,414,424,1
/RaabinDatabase/GrTh/Original/Basophil/20190527_114937_0.jpg,135,146,274,293,409,439,1
/RaabinDatabase/GrTh/Original/Eosinophil/95-8-27-1_271_7.jpg,199,130,177,282,376,412,2
/RaabinDatabase/GrTh/Original/Eosinophil/95-8-27-1_271_7.jpg,90,112,311,341,401,453,2
/RaabinDatabase/GrTh/Original/Eosinophil/95-8-17-3_191_2.jpg,123,166,213,278,336,444,2
/RaabinDatabase/GrTh/Original/Eosinophil/95-8-17-3_191_2.jpg,198,153,214,280,412,433,2
/RaabinDatabase/GrTh/Original/Eosinophil/95-8-27-1_478_4.jpg,173,143,276,258,449,401,2
/RaabinDatabase/GrTh/Original/Eosinophil/95-8-10-1_322_2.jpg,76,159,378,410,454,569,2
/RaabinDatabase/GrTh/Original/Eosinophil/95-8-27-1_419_3.jpg,159,143,274,274,433,417,2
/RaabinDatabase/GrTh/Original/Eosinophil/95-8-27-1_233_5.jpg,88,135,370,322,458,457,2
/RaabinDatabase/GrTh/Original/Eosinophil/95-8-27-1_69_1.jpg,111,143,336,326,447,469,2
/RaabinDatabase/GrTh/Original/Eosinophil/95-8-20-2_115_1.jpg,143,138,250,298,393,436,2
/RaabinDatabase/GrTh/Original/Eosinophil/95-8-27-1_116_3.jpg,127,171,274,277,401,448,2
/RaabinDatabase/GrTh/Original/Eosinophil/95-8-27-1_279_3.jpg,173,175,254,243,427,418,2
/RaabinDatabase/GrTh/Original/Eosinophil/95-8-27-1_91_2.jpg,161,158,257,266,418,424,2
/RaabinDatabase/GrTh/Original/Eosinophil/95-8-27-1_146_1.jpg,183,143,307,314,490,457,2
/RaabinDatabase/GrTh/Original/Eosinophil/95-8-27-1_146_3.jpg,159,127,298,326,457,453,2
/RaabinDatabase/GrTh/Original/Eosinophil/95-8-6-1_475_1.jpg,159,193,256,269,415,462,2
/RaabinDatabase/GrTh/Original/Eosinophil/95-9-3-5_13_1.jpg,126,167,291,290,417,457,2
/RaabinDatabase/GrTh/Original/Eosinophil/95-8-27-1_359_4.jpg,142,143,293,275,435,418,2
/RaabinDatabase/GrTh/Original/Eosinophil/95-8-27-1_290_1.jpg,145,175,270,245,415,420,2
/RaabinDatabase/GrTh/Original/Eosinophil/95-8-17-1_184_1.jpg,151,95,282,278,433,373,2
/RaabinDatabase/GrTh/Original/Eosinophil/95-8-17-3_225_1.jpg,175,143,249,276,424,419,2
/RaabinDatabase/GrTh/Original/Eosinophil/95-8-27-1_225_5.jpg,184,199,289,270,473,469,2
/RaabinDatabase/GrTh/Original/Eosinophil/95-8-27-1_3_1.jpg,144,151,305,275,449,426,2
/RaabinDatabase/GrTh/Original/Eosinophil/95-8-27-1_55_2.jpg,151,168,250,248,401,416,2
/RaabinDatabase/GrTh/Original/Eosinophil/95-8-8-2_119_2.jpg,224,119,217,247,441,366,2
/RaabinDatabase/GrTh/Original/Eosinophil/95-8-8-2_119_2.jpg,110,127,323,357,433,484,2
/RaabinDatabase/GrTh/Original/Eosinophil/95-8-17-3_230_2.jpg,78,171,313,247,391,418,2
/RaabinDatabase/GrTh/Original/Eosinophil/95-8-27-1_222_8.jpg,79,167,344,255,423,422,2
/RaabinDatabase/GrTh/Original/Eosinophil/95-8-20-3_94_1.jpg,167,135,318,310,485,445,2
/RaabinDatabase/GrTh/Original/Eosinophil/95-8-20-4_46_1.jpg,175,158,266,246,441,404,2
/RaabinDatabase/GrTh/Original/Eosinophil/95-8-27-1_361_2.jpg,143,119,322,330,465,449,2
/RaabinDatabase/GrTh/Original/Eosinophil/95-7-24-2_280_2.jpg,175,143,242,254,417,397,2
/RaabinDatabase/GrTh/Original/Eosinophil/95-7-24-2_342_2.jpg,167,175,233,235,400,410,2
/RaabinDatabase/GrTh/Original/Eosinophil/95-8-27-1_279_2.jpg,151,175,282,244,433,419,2
/RaabinDatabase/GrTh/Original/Eosinophil/95-8-27-1_258_3.jpg,157,150,334,315,491,465,2
/RaabinDatabase/GrTh/Original/Eosinophil/95-8-27-1_70_3.jpg,119,141,298,300,417,441,2
/RaabinDatabase/GrTh/Original/Eosinophil/95-9-3-5_100_1.jpg,168,183,281,262,449,445,2
/RaabinDatabase/GrTh/Original/Eosinophil/95-8-27-1_362_4.jpg,167,151,234,269,401,420,2
/RaabinDatabase/GrTh/Original/Eosinophil/95-8-27-1_81_3.jpg,151,165,274,244,425,409,2
/RaabinDatabase/GrTh/Original/Eosinophil/95-8-27-1_96_1.jpg,180,175,277,238,457,413,2
/RaabinDatabase/GrTh/Original/Eosinophil/95-8-27-1_85_1.jpg,151,159,269,236,420,395,2
/RaabinDatabase/GrTh/Original/Eosinophil/95-8-27-1_246_2.jpg,181,193,211,199,392,392,2
/RaabinDatabase/GrTh/Original/Eosinophil/95-8-27-1_246_2.jpg,175,151,290,301,465,452,2
/RaabinDatabase/GrTh/Original/Eosinophil/95-8-27-1_2_3.jpg,175,139,269,306,444,445,2
/RaabinDatabase/GrTh/Original/Eosinophil/95-8-12-2_18_2.jpg,159,183,298,243,457,426,2
/RaabinDatabase/GrTh/Original/Eosinophil/95-8-27-1_58_3.jpg,128,159,300,250,428,409,2
/RaabinDatabase/GrTh/Original/Eosinophil/95-8-27-1_124_1.jpg,119,135,335,323,454,458,2
/RaabinDatabase/GrTh/Original/Eosinophil/95-8-27-1_333_2.jpg,151,191,289,305,440,496,2
/RaabinDatabase/GrTh/Original/Eosinophil/95-8-27-1_434_5.jpg,140,79,299,361,439,440,2
/RaabinDatabase/GrTh/Original/Eosinophil/95-8-8-2_447_1.jpg,124,151,349,360,473,511,2
/RaabinDatabase/GrTh/Original/Eosinophil/95-8-27-1_45_2.jpg,157,151,295,276,452,427,2
/RaabinDatabase/GrTh/Original/Eosinophil/95-8-10-1_138_1.jpg,131,167,295,217,426,384,2
/RaabinDatabase/GrTh/Original/Eosinophil/95-8-24-2_7_2.jpg,188,167,214,258,402,425,2
/RaabinDatabase/GrTh/Original/Eosinophil/95-8-27-1_223_5.jpg,127,175,314,296,441,471,2
/RaabinDatabase/GrTh/Original/Eosinophil/95-9-1-2_182_3.jpg,208,151,264,289,472,440,2
/RaabinDatabase/GrTh/Original/Eosinophil/95-8-27-1_312_1.jpg,111,215,339,290,450,505,2
/RaabinDatabase/GrTh/Original/Eosinophil/95-8-27-1_59_1.jpg,143,151,282,287,425,438,2
/RaabinDatabase/GrTh/Original/Eosinophil/95-8-27-1_32_1.jpg,167,119,218,321,385,440,2
/RaabinDatabase/GrTh/Original/Eosinophil/95-8-13-4_74_2.jpg,135,167,257,257,392,424,2
/RaabinDatabase/GrTh/Original/Eosinophil/95-8-17-3_40_1.jpg,191,199,258,241,449,440,2
/RaabinDatabase/GrTh/Original/Eosinophil/95-8-27-1_206_1.jpg,151,111,298,274,449,385,2
/RaabinDatabase/GrTh/Original/Eosinophil/95-8-27-1_147_1.jpg,122,135,271,282,393,417,2
/RaabinDatabase/GrTh/Original/Eosinophil/95-8-22-4_32_1.jpg,239,207,159,238,398,445,2
/RaabinDatabase/GrTh/Original/Eosinophil/95-8-22-4_32_1.jpg,151,214,236,262,387,476,2
/RaabinDatabase/GrTh/Original/Eosinophil/95-8-27-1_341_4.jpg,114,206,318,299,432,505,2
/RaabinDatabase/GrTh/Original/Eosinophil/95-8-27-1_507_2.jpg,127,167,314,298,441,465,2
/RaabinDatabase/GrTh/Original/Eosinophil/95-8-27-1_247_2.jpg,78,103,358,357,436,460,2
/RaabinDatabase/GrTh/Original/Eosinophil/95-8-27-1_278_3.jpg,160,175,265,244,425,419,2
/RaabinDatabase/GrTh/Original/Eosinophil/95-8-10-1_114_1.jpg,157,192,268,223,425,415,2
/RaabinDatabase/GrTh/Original/Eosinophil/95-8-27-1_14_7.jpg,159,151,300,257,459,408,2
/RaabinDatabase/GrTh/Original/Eosinophil/95-8-27-1_362_1.jpg,127,143,270,266,397,409,2
/RaabinDatabase/GrTh/Original/Eosinophil/95-8-27-1_214_4.jpg,213,165,150,257,363,422,2
/RaabinDatabase/GrTh/Original/Eosinophil/95-8-27-1_214_4.jpg,167,119,232,306,399,425,2
/RaabinDatabase/GrTh/Original/Eosinophil/95-8-27-1_47_1.jpg,158,193,259,245,417,438,2
/RaabinDatabase/GrTh/Original/Eosinophil/95-8-27-1_160_7.jpg,135,167,266,266,401,433,2
/RaabinDatabase/GrTh/Original/Eosinophil/95-8-27-1_466_2.jpg,127,149,322,317,449,466,2
/RaabinDatabase/GrTh/Original/Eosinophil/95-8-27-1_337_3.jpg,167,104,306,325,473,429,2
/RaabinDatabase/GrTh/Original/Eosinophil/95-8-27-1_337_3.jpg,172,192,229,205,401,397,2
/RaabinDatabase/GrTh/Original/Eosinophil/95-8-22-5_11_1.jpg,172,183,230,218,402,401,2
/RaabinDatabase/GrTh/Original/Eosinophil/95-8-13-4_315_3.jpg,151,189,266,244,417,433,2
/RaabinDatabase/GrTh/Original/Eosinophil/95-8-27-1_118_1.jpg,102,127,356,306,458,433,2
/RaabinDatabase/GrTh/Original/Eosinophil/95-8-27-1_509_4.jpg,134,135,345,316,479,451,2
/RaabinDatabase/GrTh/Original/Eosinophil/95-8-27-1_509_4.jpg,151,215,267,153,418,368,2
/RaabinDatabase/GrTh/Original/Eosinophil/95-8-27-1_449_2.jpg,156,127,285,301,441,428,2
/RaabinDatabase/GrTh/Original/Eosinophil/95-8-27-1_80_1.jpg,82,135,321,270,403,405,2
/RaabinDatabase/GrTh/Original/Eosinophil/95-8-27-1_199_3.jpg,172,167,231,254,403,421,2
/RaabinDatabase/GrTh/Original/Eosinophil/95-8-20-3_144_1.jpg,151,159,282,266,433,425,2
/RaabinDatabase/GrTh/Original/Eosinophil/95-8-27-1_322_2.jpg,120,143,304,269,424,412,2
/RaabinDatabase/GrTh/Original/Eosinophil/95-8-27-1_17_4.jpg,167,121,275,319,442,440,2
/RaabinDatabase/GrTh/Original/Eosinophil/95-8-17-3_271_2.jpg,110,148,282,284,392,432,2
/RaabinDatabase/GrTh/Original/Eosinophil/95-8-27-1_222_3.jpg,175,183,228,215,403,398,2
/RaabinDatabase/GrTh/Original/Eosinophil/95-8-27-1_222_3.jpg,122,119,298,290,420,409,2
/RaabinDatabase/GrTh/Original/Eosinophil/95-8-27-1_323_1.jpg,131,159,288,284,419,443,2
/RaabinDatabase/GrTh/Original/Eosinophil/95-8-27-1_34_4.jpg,119,184,281,216,400,400,2
/RaabinDatabase/GrTh/Original/Eosinophil/95-8-27-1_137_1.jpg,159,167,254,257,413,424,2
/RaabinDatabase/GrTh/Original/Eosinophil/95-8-27-1_45_1.jpg,167,159,294,242,461,401,2
/RaabinDatabase/GrTh/Original/Eosinophil/95-8-27-1_87_3.jpg,164,183,277,221,441,404,2
/RaabinDatabase/GrTh/Original/Eosinophil/95-8-27-1_152_1.jpg,147,129,263,296,410,425,2
/RaabinDatabase/GrTh/Original/Eosinophil/95-8-27-1_392_1.jpg,135,191,290,281,425,472,2
/RaabinDatabase/GrTh/Original/Eosinophil/95-8-12-5_219_1.jpg,143,135,276,298,419,433,2
/RaabinDatabase/GrTh/Original/Eosinophil/95-8-8-2_213_1.jpg,248,167,239,220,487,387,2
/RaabinDatabase/GrTh/Original/Eosinophil/95-8-8-2_213_1.jpg,182,185,248,236,430,421,2
/RaabinDatabase/GrTh/Original/Eosinophil/95-8-27-1_16_2.jpg,151,175,251,290,402,465,2
/RaabinDatabase/GrTh/Original/Eosinophil/95-8-27-1_263_3.jpg,160,120,257,281,417,401,2
/RaabinDatabase/GrTh/Original/Eosinophil/95-8-27-1_403_4.jpg,145,135,308,331,453,466,2
/RaabinDatabase/GrTh/Original/Eosinophil/95-8-27-1_403_4.jpg,207,149,161,276,368,425,2
/RaabinDatabase/GrTh/Original/Eosinophil/95-8-10-1_1161_1.jpg,151,111,254,274,405,385,2
/RaabinDatabase/GrTh/Original/Eosinophil/95-9-1-2_354_1.jpg,170,183,276,250,446,433,2
/RaabinDatabase/GrTh/Original/Eosinophil/95-8-27-1_378_1.jpg,159,87,287,313,446,400,2
/RaabinDatabase/GrTh/Original/Eosinophil/95-8-27-1_109_1.jpg,151,167,226,234,377,401,2
/RaabinDatabase/GrTh/Original/Eosinophil/95-9-3-4_137_1.jpg,147,169,278,256,425,425,2
/RaabinDatabase/GrTh/Original/Eosinophil/95-8-27-1_473_1.jpg,114,119,303,314,417,433,2
/RaabinDatabase/GrTh/Original/Eosinophil/95-8-12-4_19_1.jpg,167,165,301,264,468,429,2
/RaabinDatabase/GrTh/Original/Eosinophil/95-8-27-1_357_1.jpg,115,135,318,307,433,442,2
/RaabinDatabase/GrTh/Original/Eosinophil/95-8-27-1_343_5.jpg,159,143,252,283,411,426,2
/RaabinDatabase/GrTh/Original/Eosinophil/95-8-17-3_185_1.jpg,151,163,266,270,417,433,2
/RaabinDatabase/GrTh/Original/Eosinophil/95-8-27-1_57_4.jpg,180,135,293,285,473,420,2
/RaabinDatabase/GrTh/Original/Eosinophil/95-8-24-1_125_1.jpg,143,151,258,250,401,401,2
/RaabinDatabase/GrTh/Original/Eosinophil/95-8-27-1_427_1.jpg,135,127,315,310,450,437,2
/RaabinDatabase/GrTh/Original/Eosinophil/95-8-10-1_1065_1.jpg,175,173,250,252,425,425,2
/RaabinDatabase/GrTh/Original/Eosinophil/95-8-27-1_270_1.jpg,135,103,281,316,416,419,2
/RaabinDatabase/GrTh/Original/Eosinophil/95-8-22-5_139_1.jpg,130,175,263,266,393,441,2
/RaabinDatabase/GrTh/Original/Eosinophil/95-5-4-1_89_1.jpg,151,188,310,285,461,473,2
/RaabinDatabase/GrTh/Original/Eosinophil/95-8-27-1_305_4.jpg,132,193,273,271,405,464,2
/RaabinDatabase/GrTh/Original/Eosinophil/95-8-27-1_277_6.jpg,119,143,279,282,398,425,2
/RaabinDatabase/GrTh/Original/Eosinophil/95-8-27-1_101_3.jpg,175,127,250,313,425,440,2
/RaabinDatabase/GrTh/Original/Eosinophil/95-8-27-1_101_3.jpg,205,173,164,241,369,414,2
/RaabinDatabase/GrTh/Original/Eosinophil/95-8-27-1_456_3.jpg,156,167,262,258,418,425,2
/RaabinDatabase/GrTh/Original/Eosinophil/95-5-5-1_144_1.jpg,95,127,324,298,419,425,2
/RaabinDatabase/GrTh/Original/Eosinophil/95-8-27-1_34_2.jpg,173,219,258,229,431,448,2
/RaabinDatabase/GrTh/Original/Eosinophil/95-8-27-1_113_1.jpg,111,159,306,317,417,476,2
/RaabinDatabase/GrTh/Original/Eosinophil/95-9-4-4_88_1.jpg,173,167,228,202,401,369,2
/RaabinDatabase/GrTh/Original/Eosinophil/95-8-17-3_232_2.jpg,143,191,322,282,465,473,2
/RaabinDatabase/GrTh/Original/Eosinophil/95-9-3-4_216_1.jpg,127,155,295,278,422,433,2
/RaabinDatabase/GrTh/Original/Eosinophil/95-8-27-1_398_2.jpg,119,95,306,307,425,402,2
/RaabinDatabase/GrTh/Original/Eosinophil/95-8-27-1_203_1.jpg,151,159,289,254,440,413,2
/RaabinDatabase/GrTh/Original/Eosinophil/95-8-27-1_63_1.jpg,79,143,346,298,425,441,2
/RaabinDatabase/GrTh/Original/Eosinophil/95-9-3-4_126_1.jpg,159,131,265,293,424,424,2
/RaabinDatabase/GrTh/Original/Eosinophil/95-8-10-1_388_1.jpg,151,183,240,242,391,425,2
/RaabinDatabase/GrTh/Original/Eosinophil/95-8-27-1_360_1.jpg,145,175,264,281,409,456,2
/RaabinDatabase/GrTh/Original/Eosinophil/95-8-27-1_53_2.jpg,182,183,283,226,465,409,2
/RaabinDatabase/GrTh/Original/Eosinophil/95-8-27-1_109_5.jpg,122,170,287,287,409,457,2
/RaabinDatabase/GrTh/Original/Eosinophil/95-8-27-1_151_1.jpg,167,183,226,238,393,421,2
/RaabinDatabase/GrTh/Original/Eosinophil/95-8-27-1_413_3.jpg,143,181,257,275,400,456,2
/RaabinDatabase/GrTh/Original/Eosinophil/95-8-27-1_449_3.jpg,159,172,287,281,446,453,2
/RaabinDatabase/GrTh/Original/Eosinophil/95-8-27-1_256_1.jpg,136,103,282,306,418,409,2
/RaabinDatabase/GrTh/Original/Eosinophil/95-8-27-1_445_2.jpg,155,131,318,324,473,455,2
/RaabinDatabase/GrTh/Original/Eosinophil/95-8-27-1_241_5.jpg,127,119,297,330,424,449,2
/RaabinDatabase/GrTh/Original/Eosinophil/95-8-27-1_226_6.jpg,194,171,295,278,489,449,2
/RaabinDatabase/GrTh/Original/Eosinophil/95-8-27-1_253_1.jpg,84,127,318,353,402,480,2
/RaabinDatabase/GrTh/Original/Eosinophil/95-8-27-1_161_6.jpg,151,175,266,266,417,441,2
/RaabinDatabase/GrTh/Original/Eosinophil/95-8-27-1_161_6.jpg,187,193,206,186,393,379,2
/RaabinDatabase/GrTh/Original/Eosinophil/95-8-27-1_387_3.jpg,135,95,327,359,462,454,2
/RaabinDatabase/GrTh/Original/Eosinophil/95-8-27-1_415_2.jpg,128,151,309,294,437,445,2
/RaabinDatabase/GrTh/Original/Eosinophil/95-8-27-1_167_3.jpg,162,103,326,338,488,441,2
/RaabinDatabase/GrTh/Original/Eosinophil/95-8-8-2_384_1.jpg,166,135,297,290,463,425,2
/RaabinDatabase/GrTh/Original/Eosinophil/95-8-27-1_10_9.jpg,181,175,260,255,441,430,2
/RaabinDatabase/GrTh/Original/Eosinophil/95-5-10-1_654_1.jpg,167,159,250,252,417,411,2
/RaabinDatabase/GrTh/Original/Eosinophil/95-9-3-2_88_1.jpg,138,159,286,266,424,425,2
/RaabinDatabase/GrTh/Original/Eosinophil/95-8-8-3_58_1.jpg,127,143,275,313,402,456,2
/RaabinDatabase/GrTh/Original/Eosinophil/95-8-27-1_359_3.jpg,95,121,346,328,441,449,2
/RaabinDatabase/GrTh/Original/Eosinophil/95-8-27-1_182_1.jpg,151,159,273,282,424,441,2
/RaabinDatabase/GrTh/Original/Eosinophil/95-8-27-1_252_1.jpg,134,159,298,286,432,445,2
/RaabinDatabase/GrTh/Original/Eosinophil/95-7-24-2_122_1.jpg,166,167,235,261,401,428,2
/RaabinDatabase/GrTh/Original/Eosinophil/95-8-20-3_35_1.jpg,152,161,255,275,407,436,2
/RaabinDatabase/GrTh/Original/Eosinophil/95-8-17-3_283_1.jpg,165,167,284,265,449,432,2
/RaabinDatabase/GrTh/Original/Eosinophil/95-8-27-1_120_9.jpg,129,117,324,355,453,472,2
/RaabinDatabase/GrTh/Original/Eosinophil/95-8-17-3_330_1.jpg,114,155,295,285,409,440,2
/RaabinDatabase/GrTh/Original/Eosinophil/95-8-17-1_169_1.jpg,154,143,267,281,421,424,2
/RaabinDatabase/GrTh/Original/Eosinophil/95-8-27-1_345_2.jpg,183,143,258,267,441,410,2
/RaabinDatabase/GrTh/Original/Eosinophil/95-8-27-1_8_5.jpg,143,119,303,288,446,407,2
/RaabinDatabase/GrTh/Original/Eosinophil/95-8-27-1_309_5.jpg,150,191,284,250,434,441,2
/RaabinDatabase/GrTh/Original/Eosinophil/95-8-27-1_200_2.jpg,151,183,273,246,424,429,2
/RaabinDatabase/GrTh/Original/Eosinophil/95-5-10-1_223_5.jpg,156,159,276,258,432,417,2
/RaabinDatabase/GrTh/Original/Eosinophil/95-8-27-1_141_1.jpg,126,175,281,290,407,465,2
/RaabinDatabase/GrTh/Original/Eosinophil/95-8-27-1_121_7.jpg,95,208,370,297,465,505,2
/RaabinDatabase/GrTh/Original/Eosinophil/95-8-27-1_121_7.jpg,167,183,242,206,409,389,2
/RaabinDatabase/GrTh/Original/Eosinophil/95-8-27-1_418_1.jpg,127,151,290,312,417,463,2
/RaabinDatabase/GrTh/Original/Eosinophil/95-8-27-1_30_5.jpg,135,175,289,233,424,408,2
/RaabinDatabase/GrTh/Original/Eosinophil/95-8-22-4_61_1.jpg,183,167,258,247,441,414,2
/RaabinDatabase/GrTh/Original/Eosinophil/95-8-27-1_96_10.jpg,132,167,301,241,433,408,2
/RaabinDatabase/GrTh/Original/Eosinophil/95-9-3-1_82_2.jpg,144,107,270,286,414,393,2
/RaabinDatabase/GrTh/Original/Eosinophil/95-8-27-1_334_3.jpg,155,111,259,329,414,440,2
/RaabinDatabase/GrTh/Original/Eosinophil/95-8-27-1_207_7.jpg,191,151,290,281,481,432,2
/RaabinDatabase/GrTh/Original/Eosinophil/95-8-27-1_387_2.jpg,148,151,293,289,441,440,2
/RaabinDatabase/GrTh/Original/Eosinophil/95-8-27-1_343_2.jpg,150,143,275,289,425,432,2
/RaabinDatabase/GrTh/Original/Eosinophil/95-8-27-1_61_1.jpg,159,175,290,273,449,448,2
/RaabinDatabase/GrTh/Original/Eosinophil/95-8-8-2_269_1.jpg,154,160,214,252,368,412,2
/RaabinDatabase/GrTh/Original/Eosinophil/95-8-10-1_133_1.jpg,218,129,183,304,401,433,2
/RaabinDatabase/GrTh/Original/Eosinophil/95-8-27-1_433_3.jpg,196,163,281,250,477,413,2
/RaabinDatabase/GrTh/Original/Eosinophil/95-8-27-1_152_3.jpg,143,107,278,295,421,402,2
/RaabinDatabase/GrTh/Original/Eosinophil/95-8-27-1_423_4.jpg,151,211,282,242,433,453,2
/RaabinDatabase/GrTh/Original/Eosinophil/95-8-10-1_1113_1.jpg,154,183,263,278,417,461,2
/RaabinDatabase/GrTh/Original/Eosinophil/95-8-27-1_276_1.jpg,96,159,281,278,377,437,2
/RaabinDatabase/GrTh/Original/Eosinophil/95-8-27-1_115_3.jpg,143,151,290,281,433,432,2
/RaabinDatabase/GrTh/Original/Eosinophil/95-8-20-1_75_1.jpg,127,155,314,333,441,488,2
/RaabinDatabase/GrTh/Original/Eosinophil/95-8-8-2_239_1.jpg,156,123,309,329,465,452,2
/RaabinDatabase/GrTh/Original/Eosinophil/95-8-3-1_245_1.jpg,135,87,298,306,433,393,2
/RaabinDatabase/GrTh/Original/Eosinophil/95-8-27-1_375_1.jpg,143,159,296,297,439,456,2
/RaabinDatabase/GrTh/Original/Eosinophil/95-8-27-1_368_1.jpg,175,130,274,290,449,420,2
/RaabinDatabase/GrTh/Original/Eosinophil/95-5-4-1_45_1.jpg,173,183,262,289,435,472,2
/RaabinDatabase/GrTh/Original/Eosinophil/95-8-27-1_92_3.jpg,159,131,297,249,456,380,2
/RaabinDatabase/GrTh/Original/Eosinophil/95-8-10-1_1236_2.jpg,151,135,274,257,425,392,2
/RaabinDatabase/GrTh/Original/Eosinophil/95-5-11-1_51_1.jpg,127,157,266,244,393,401,2
/RaabinDatabase/GrTh/Original/Eosinophil/95-8-24-1_193_4.jpg,175,119,269,282,444,401,2
/RaabinDatabase/GrTh/Original/Eosinophil/95-9-1-2_19_4.jpg,103,167,282,254,385,421,2
/RaabinDatabase/GrTh/Original/Eosinophil/95-5-10-1_178_2.jpg,175,191,209,206,384,397,2
/RaabinDatabase/GrTh/Original/Eosinophil/95-9-4-1_88_1.jpg,135,175,290,314,425,489,2
/RaabinDatabase/GrTh/Original/Lymphocyte/95-8-10-1_445_1.jpg,183,202,210,168,393,370,3
/RaabinDatabase/GrTh/Original/Lymphocyte/95-9-4-6_128_1.jpg,188,191,205,193,393,384,3
/RaabinDatabase/GrTh/Original/Lymphocyte/95-5-11-1_177_1.jpg,135,13,273,392,408,405,3
/RaabinDatabase/GrTh/Original/Lymphocyte/95-8-8-2_278_1.jpg,102,153,283,270,385,423,3
/RaabinDatabase/GrTh/Original/Lymphocyte/95-8-13-3_5_2.jpg,151,167,242,210,393,377,3
/RaabinDatabase/GrTh/Original/Lymphocyte/95-8-8-2_160_1.jpg,193,183,204,202,397,385,3
/RaabinDatabase/GrTh/Original/Lymphocyte/95-8-12-4_200_1.jpg,151,170,257,218,408,388,3
/RaabinDatabase/GrTh/Original/Lymphocyte/95-9-3-5_161_1.jpg,175,189,226,220,401,409,3
/RaabinDatabase/GrTh/Original/Lymphocyte/95-8-20-1_60_1.jpg,167,179,309,313,476,492,3
/RaabinDatabase/GrTh/Original/Lymphocyte/95-8-8-2_129_1.jpg,159,167,273,233,432,400,3
/RaabinDatabase/GrTh/Original/Lymphocyte/95-8-24-2_148_2.jpg,191,179,218,218,409,397,3
/RaabinDatabase/GrTh/Original/Lymphocyte/95-9-1-2_268_1.jpg,183,199,199,205,382,404,3
/RaabinDatabase/GrTh/Original/Lymphocyte/95-8-17-3_192_1.jpg,127,165,290,254,417,419,3
/RaabinDatabase/GrTh/Original/Lymphocyte/95-8-20-4_138_1.jpg,156,177,234,203,390,380,3
/RaabinDatabase/GrTh/Original/Lymphocyte/95-8-8-2_255_1.jpg,206,183,187,217,393,400,3
/RaabinDatabase/GrTh/Original/Lymphocyte/95-8-8-2_184_1.jpg,102,127,339,313,441,440,3
/RaabinDatabase/GrTh/Original/Lymphocyte/95-8-6-1_102_1.jpg,151,175,280,250,431,425,3
/RaabinDatabase/GrTh/Original/Lymphocyte/95-8-6-1_102_1.jpg,173,208,230,163,403,371,3
/RaabinDatabase/GrTh/Original/Lymphocyte/95-8-17-3_375_1.jpg,135,167,269,298,404,465,3
/RaabinDatabase/GrTh/Original/Lymphocyte/95-9-4-6_146_1.jpg,167,191,207,184,374,375,3
/RaabinDatabase/GrTh/Original/Lymphocyte/95-8-8-1_47_1.jpg,182,183,211,193,393,376,3
/RaabinDatabase/GrTh/Original/Lymphocyte/95-8-13-2_30_1.jpg,135,207,290,193,425,400,3
/RaabinDatabase/GrTh/Original/Lymphocyte/95-8-5-1_176_1.jpg,175,169,209,215,384,384,3
/RaabinDatabase/GrTh/Original/Lymphocyte/95-9-1-2_79_1.jpg,199,191,202,210,401,401,3
/RaabinDatabase/GrTh/Original/Lymphocyte/95-9-3-4_46_2.jpg,206,183,282,266,488,449,3
/RaabinDatabase/GrTh/Original/Lymphocyte/95-8-20-3_286_1.jpg,199,176,210,232,409,408,3
/RaabinDatabase/GrTh/Original/Lymphocyte/95-8-12-5_227_1.jpg,175,191,213,201,388,392,3
/RaabinDatabase/GrTh/Original/Lymphocyte/95-8-24-1_145_1.jpg,183,200,210,185,393,385,3
/RaabinDatabase/GrTh/Original/Lymphocyte/95-9-3-5_44_1.jpg,151,175,233,214,384,389,3
/RaabinDatabase/GrTh/Original/Lymphocyte/95-5-10-1_399_1.jpg,191,175,189,210,380,385,3
/RaabinDatabase/GrTh/Original/Lymphocyte/95-8-22-1_112_2.jpg,188,199,234,305,422,504,3
/RaabinDatabase/GrTh/Original/Lymphocyte/95-5-4-1_12_1.jpg,207,191,211,202,418,393,3
/RaabinDatabase/GrTh/Original/Lymphocyte/95-8-3-1_491_1.jpg,143,167,252,241,395,408,3
/RaabinDatabase/GrTh/Original/Lymphocyte/95-5-11-1_157_1.jpg,169,168,203,230,372,398,3
/RaabinDatabase/GrTh/Original/Lymphocyte/95-8-17-3_302_2.jpg,199,191,192,218,391,409,3
/RaabinDatabase/GrTh/Original/Lymphocyte/95-8-13-4_273_1.jpg,159,119,252,306,411,425,3
/RaabinDatabase/GrTh/Original/Lymphocyte/95-8-13-4_273_1.jpg,191,199,196,180,387,379,3
/RaabinDatabase/GrTh/Original/Lymphocyte/95-8-10-1_668_4.jpg,192,191,229,233,421,424,3
/RaabinDatabase/GrTh/Original/Lymphocyte/95-8-17-3_281_1.jpg,191,71,214,362,405,433,3
/RaabinDatabase/GrTh/Original/Lymphocyte/95-5-5-1_144_2.jpg,191,142,220,248,411,390,3
/RaabinDatabase/GrTh/Original/Lymphocyte/95-8-8-2_266_2.jpg,200,215,191,185,391,400,3
/RaabinDatabase/GrTh/Original/Lymphocyte/95-8-24-2_40_2.jpg,171,127,246,262,417,389,3
/RaabinDatabase/GrTh/Original/Lymphocyte/95-9-1-2_339_1.jpg,195,207,196,194,391,401,3
/RaabinDatabase/GrTh/Original/Lymphocyte/95-7-24-2_296_4.jpg,159,149,234,252,393,401,3
/RaabinDatabase/GrTh/Original/Lymphocyte/95-8-13-3_19_3.jpg,150,92,304,324,454,416,3
/RaabinDatabase/GrTh/Original/Lymphocyte/95-8-17-3_209_3.jpg,102,183,331,274,433,457,3
/RaabinDatabase/GrTh/Original/Lymphocyte/95-9-1-3_31_2.jpg,181,167,212,237,393,404,3
/RaabinDatabase/GrTh/Original/Lymphocyte/95-7-24-2_189_1.jpg,199,177,180,216,379,393,3
/RaabinDatabase/GrTh/Original/Lymphocyte/95-8-13-5_50_2.jpg,203,175,193,233,396,408,3
/RaabinDatabase/GrTh/Original/Lymphocyte/95-8-8-2_16_1.jpg,166,191,243,238,409,429,3
/RaabinDatabase/GrTh/Original/Lymphocyte/95-8-10-1_839_1.jpg,175,176,218,262,393,438,3
/RaabinDatabase/GrTh/Original/Lymphocyte/95-8-17-1_187_1.jpg,191,199,218,194,409,393,3
/RaabinDatabase/GrTh/Original/Lymphocyte/95-8-8-2_173_1.jpg,145,143,322,282,467,425,3
/RaabinDatabase/GrTh/Original/Lymphocyte/95-8-27-1_317_1.jpg,187,191,200,210,387,401,3
/RaabinDatabase/GrTh/Original/Lymphocyte/95-8-10-1_891_1.jpg,185,191,240,217,425,408,3
/RaabinDatabase/GrTh/Original/Lymphocyte/95-8-10-1_849_1.jpg,174,143,224,234,398,377,3
/RaabinDatabase/GrTh/Original/Lymphocyte/95-8-8-3_170_1.jpg,167,214,234,179,401,393,3
/RaabinDatabase/GrTh/Original/Lymphocyte/95-7-24-2_132_1.jpg,183,185,201,188,384,373,3
/RaabinDatabase/GrTh/Original/Lymphocyte/95-8-8-3_13_1.jpg,188,133,303,283,491,416,3
/RaabinDatabase/GrTh/Original/Lymphocyte/95-9-1-2_225_1.jpg,155,175,271,242,426,417,3
/RaabinDatabase/GrTh/Original/Lymphocyte/95-8-13-3_2_1.jpg,175,199,211,193,386,392,3
/RaabinDatabase/GrTh/Original/Lymphocyte/95-8-8-3_122_1.jpg,183,171,221,226,404,397,3
/RaabinDatabase/GrTh/Original/Lymphocyte/95-8-12-2_87_2.jpg,191,175,202,226,393,401,3
/RaabinDatabase/GrTh/Original/Lymphocyte/95-8-20-4_101_1.jpg,186,183,198,198,384,381,3
/RaabinDatabase/GrTh/Original/Lymphocyte/95-8-10-1_1061_1.jpg,173,170,196,238,369,408,3
/RaabinDatabase/GrTh/Original/Lymphocyte/95-8-17-3_388_2.jpg,175,183,216,210,391,393,3
/RaabinDatabase/GrTh/Original/Lymphocyte/95-8-8-1_516_1.jpg,171,187,230,185,401,372,3
/RaabinDatabase/GrTh/Original/Lymphocyte/95-8-13-1_15_1.jpg,190,199,204,201,394,400,3
/RaabinDatabase/GrTh/Original/Lymphocyte/95-9-4-6_152_1.jpg,190,196,195,180,385,376,3
/RaabinDatabase/GrTh/Original/Lymphocyte/95-5-10-1_483_1.jpg,175,192,218,217,393,409,3
/RaabinDatabase/GrTh/Original/Lymphocyte/95-7-24-2_113_1.jpg,200,191,185,210,385,401,3
/RaabinDatabase/GrTh/Original/Lymphocyte/95-8-20-1_73_1.jpg,95,183,338,298,433,481,3
/RaabinDatabase/GrTh/Original/Lymphocyte/95-8-5-1_21_2.jpg,192,183,193,201,385,384,3
/RaabinDatabase/GrTh/Original/Lymphocyte/95-8-3-2_349_1.jpg,204,183,189,194,393,377,3
/RaabinDatabase/GrTh/Original/Lymphocyte/95-8-8-1_588_1.jpg,183,191,203,210,386,401,3
/RaabinDatabase/GrTh/Original/Lymphocyte/95-8-17-3_223_1.jpg,134,149,264,276,398,425,3
/RaabinDatabase/GrTh/Original/Lymphocyte/95-9-1-2_183_1.jpg,188,215,221,197,409,412,3
/RaabinDatabase/GrTh/Original/Lymphocyte/95-8-3-1_469_1.jpg,191,159,206,210,397,369,3
/RaabinDatabase/GrTh/Original/Lymphocyte/95-8-8-1_468_1.jpg,191,199,193,194,384,393,3
/RaabinDatabase/GrTh/Original/Lymphocyte/95-5-4-1_365_3.jpg,119,195,265,218,384,413,3
/RaabinDatabase/GrTh/Original/Lymphocyte/95-8-8-3_17_1.jpg,143,55,364,399,507,454,3
/RaabinDatabase/GrTh/Original/Lymphocyte/95-8-8-2_12_1.jpg,208,167,209,265,417,432,3
/RaabinDatabase/GrTh/Original/Lymphocyte/95-8-10-1_378_2.jpg,191,175,245,202,436,377,3
/RaabinDatabase/GrTh/Original/Lymphocyte/95-8-12-5_207_1.jpg,183,163,226,230,409,393,3
/RaabinDatabase/GrTh/Original/Lymphocyte/95-5-10-1_370_1.jpg,182,127,216,322,398,449,3
/RaabinDatabase/GrTh/Original/Lymphocyte/95-8-3-2_412_2.jpg,141,145,259,231,400,376,3
/RaabinDatabase/GrTh/Original/Lymphocyte/95-7-24-2_395_1.jpg,191,127,267,254,458,381,3
/RaabinDatabase/GrTh/Original/Lymphocyte/95-8-8-3_99_2.jpg,184,191,209,215,393,406,3
/RaabinDatabase/GrTh/Original/Lymphocyte/95-9-3-3_113_1.jpg,175,203,235,184,410,387,3
/RaabinDatabase/GrTh/Original/Lymphocyte/95-8-8-2_280_1.jpg,175,167,275,221,450,388,3
/RaabinDatabase/GrTh/Original/Lymphocyte/95-5-11-1_56_1.jpg,191,203,217,174,408,377,3
/RaabinDatabase/GrTh/Original/Lymphocyte/95-9-4-3_87_2.jpg,189,183,204,217,393,400,3
/RaabinDatabase/GrTh/Original/Lymphocyte/95-8-13-4_26_1.jpg,188,167,229,249,417,416,3
/RaabinDatabase/GrTh/Original/Lymphocyte/95-8-13-4_109_3.jpg,182,191,219,213,401,404,3
/RaabinDatabase/GrTh/Original/Lymphocyte/95-9-1-1_50_1.jpg,114,151,303,322,417,473,3
/RaabinDatabase/GrTh/Original/Lymphocyte/95-8-22-2_189_1.jpg,180,187,200,206,380,393,3
/RaabinDatabase/GrTh/Original/Lymphocyte/95-9-3-3_110_1.jpg,183,175,203,225,386,400,3
/RaabinDatabase/GrTh/Original/Lymphocyte/95-5-11-1_214_1.jpg,198,199,219,207,417,406,3
/RaabinDatabase/GrTh/Original/Lymphocyte/95-8-8-1_513_1.jpg,191,183,194,202,385,385,3
/RaabinDatabase/GrTh/Original/Lymphocyte/95-9-4-6_88_1.jpg,183,207,209,204,392,411,3
/RaabinDatabase/GrTh/Original/Lymphocyte/95-8-1-1_558_1.jpg,142,149,253,260,395,409,3
/RaabinDatabase/GrTh/Original/Lymphocyte/95-5-5-1_138_2.jpg,170,183,230,225,400,408,3
/RaabinDatabase/GrTh/Original/Lymphocyte/95-8-8-1_177_1.jpg,127,151,286,266,413,417,3
/RaabinDatabase/GrTh/Original/Lymphocyte/95-8-17-3_156_1.jpg,151,175,234,298,385,473,3
/RaabinDatabase/GrTh/Original/Lymphocyte/95-8-10-1_970_2.jpg,175,199,205,195,380,394,3
/RaabinDatabase/GrTh/Original/Lymphocyte/95-8-13-3_92_1.jpg,166,183,219,233,385,416,3
/RaabinDatabase/GrTh/Original/Lymphocyte/95-8-8-2_374_1.jpg,199,175,202,201,401,376,3
/RaabinDatabase/GrTh/Original/Lymphocyte/95-8-3-2_293_2.jpg,172,183,210,215,382,398,3
/RaabinDatabase/GrTh/Original/Lymphocyte/95-8-10-1_438_2.jpg,176,175,216,226,392,401,3
/RaabinDatabase/GrTh/Original/Lymphocyte/95-8-10-1_809_1.jpg,191,176,202,212,393,388,3
/RaabinDatabase/GrTh/Original/Lymphocyte/95-5-10-1_809_1.jpg,167,199,202,191,369,390,3
/RaabinDatabase/GrTh/Original/Lymphocyte/95-9-3-1_141_1.jpg,191,197,237,212,428,409,3
/RaabinDatabase/GrTh/Original/Lymphocyte/95-8-3-1_64_3.jpg,191,183,210,226,401,409,3
/RaabinDatabase/GrTh/Original/Lymphocyte/95-8-5-1_72_1.jpg,136,151,266,249,402,400,3
/RaabinDatabase/GrTh/Original/Lymphocyte/95-9-4-6_98_2.jpg,176,172,213,224,389,396,3
/RaabinDatabase/GrTh/Original/Lymphocyte/95-8-8-3_147_2.jpg,183,199,212,210,395,409,3
/RaabinDatabase/GrTh/Original/Lymphocyte/95-8-8-1_300_1.jpg,204,183,189,205,393,388,3
/RaabinDatabase/GrTh/Original/Lymphocyte/95-8-1-1_763_2.jpg,191,167,211,221,402,388,3
/RaabinDatabase/GrTh/Original/Lymphocyte/95-8-27-1_474_3.jpg,172,199,221,203,393,402,3
/RaabinDatabase/GrTh/Original/Lymphocyte/95-5-10-1_574_1.jpg,183,203,194,198,377,401,3
/RaabinDatabase/GrTh/Original/Lymphocyte/95-8-3-2_351_1.jpg,144,208,243,231,387,439,3
/RaabinDatabase/GrTh/Original/Lymphocyte/95-8-20-4_126_1.jpg,175,191,213,230,388,421,3
/RaabinDatabase/GrTh/Original/Lymphocyte/95-8-8-1_599_1.jpg,190,175,220,225,410,400,3
/RaabinDatabase/GrTh/Original/Lymphocyte/95-8-3-1_143_1.jpg,200,191,187,193,387,384,3
/RaabinDatabase/GrTh/Original/Lymphocyte/95-8-8-3_120_3.jpg,175,159,235,222,410,381,3
/RaabinDatabase/GrTh/Original/Lymphocyte/95-8-13-4_354_1.jpg,192,203,201,179,393,382,3
/RaabinDatabase/GrTh/Original/Lymphocyte/95-8-8-2_323_2.jpg,174,183,211,204,385,387,3
/RaabinDatabase/GrTh/Original/Lymphocyte/95-8-24-1_217_2.jpg,199,201,185,200,384,401,3
/RaabinDatabase/GrTh/Original/Lymphocyte/95-8-10-1_703_1.jpg,191,199,201,190,392,389,3
/RaabinDatabase/GrTh/Original/Lymphocyte/95-9-4-1_71_1.jpg,12,47,429,505,441,552,3
/RaabinDatabase/GrTh/Original/Lymphocyte/95-8-1-1_492_1.jpg,189,167,260,298,449,465,3
/RaabinDatabase/GrTh/Original/Lymphocyte/95-8-13-3_125_1.jpg,151,191,243,226,394,417,3
/RaabinDatabase/GrTh/Original/Lymphocyte/95-9-4-6_116_1.jpg,199,176,189,221,388,397,3
/RaabinDatabase/GrTh/Original/Lymphocyte/95-5-10-1_563_1.jpg,186,167,207,234,393,401,3
/RaabinDatabase/GrTh/Original/Lymphocyte/95-8-8-1_591_1.jpg,175,160,250,222,425,382,3
/RaabinDatabase/GrTh/Original/Lymphocyte/95-9-1-2_345_1.jpg,184,207,233,186,417,393,3
/RaabinDatabase/GrTh/Original/Lymphocyte/95-8-17-3_228_2.jpg,151,167,258,266,409,433,3
/RaabinDatabase/GrTh/Original/Lymphocyte/95-8-12-5_104_1.jpg,167,127,226,257,393,384,3
/RaabinDatabase/GrTh/Original/Lymphocyte/95-8-8-2_229_1.jpg,135,175,268,259,403,434,3
/RaabinDatabase/GrTh/Original/Lymphocyte/95-8-20-4_78_1.jpg,162,167,223,247,385,414,3
/RaabinDatabase/GrTh/Original/Lymphocyte/95-9-4-1_21_1.jpg,172,183,219,234,391,417,3
/RaabinDatabase/GrTh/Original/Lymphocyte/95-9-1-2_318_1.jpg,138,191,255,266,393,457,3
/RaabinDatabase/GrTh/Original/Lymphocyte/95-8-12-6_21_2.jpg,143,131,266,254,409,385,3
/RaabinDatabase/GrTh/Original/Lymphocyte/95-5-10-1_289_1.jpg,173,167,220,229,393,396,3
/RaabinDatabase/GrTh/Original/Lymphocyte/95-8-8-2_368_1.jpg,182,206,202,229,384,435,3
/RaabinDatabase/GrTh/Original/Lymphocyte/95-8-20-4_159_1.jpg,167,190,218,216,385,406,3
/RaabinDatabase/GrTh/Original/Lymphocyte/95-8-20-4_41_2.jpg,201,163,200,268,401,431,3
/RaabinDatabase/GrTh/Original/Lymphocyte/95-8-12-3_82_1.jpg,207,199,193,188,400,387,3
/RaabinDatabase/GrTh/Original/Lymphocyte/95-8-12-2_122_1.jpg,191,167,194,206,385,373,3
/RaabinDatabase/GrTh/Original/Lymphocyte/95-9-4-6_80_1.jpg,191,103,237,274,428,377,3
/RaabinDatabase/GrTh/Original/Lymphocyte/95-8-12-6_84_1.jpg,151,167,244,258,395,425,3
/RaabinDatabase/GrTh/Original/Lymphocyte/95-9-1-1_73_1.jpg,183,191,196,191,379,382,3
/RaabinDatabase/GrTh/Original/Lymphocyte/95-8-1-1_614_1.jpg,194,167,199,250,393,417,3
/RaabinDatabase/GrTh/Original/Lymphocyte/95-8-20-4_83_1.jpg,142,135,314,288,456,423,3
/RaabinDatabase/GrTh/Original/Lymphocyte/95-9-3-4_146_1.jpg,188,95,277,359,465,454,3
/RaabinDatabase/GrTh/Original/Lymphocyte/95-8-10-1_1025_2.jpg,175,191,224,223,399,414,3
/RaabinDatabase/GrTh/Original/Lymphocyte/95-5-5-1_139_1.jpg,183,179,218,257,401,436,3
/RaabinDatabase/GrTh/Original/Lymphocyte/95-8-8-2_3_3.jpg,191,103,270,293,461,396,3
/RaabinDatabase/GrTh/Original/Lymphocyte/95-8-8-2_80_1.jpg,182,199,210,185,392,384,3
/RaabinDatabase/GrTh/Original/Lymphocyte/95-8-8-1_264_2.jpg,168,223,251,170,419,393,3
/RaabinDatabase/GrTh/Original/Monocyte/95-8-10-1_443_2.jpg,127,103,354,345,481,448,4
/RaabinDatabase/GrTh/Original/Monocyte/95-8-3-2_302_1.jpg,135,111,290,330,425,441,4
/RaabinDatabase/GrTh/Original/Monocyte/95-8-3-2_302_1.jpg,159,189,252,203,411,392,4
/RaabinDatabase/GrTh/Original/Monocyte/95-9-1-2_369_2.jpg,80,119,386,346,466,465,4
/RaabinDatabase/GrTh/Original/Monocyte/95-8-8-1_295_1.jpg,159,111,287,358,446,469,4
/RaabinDatabase/GrTh/Original/Monocyte/95-8-10-1_640_5.jpg,135,160,306,289,441,449,4
/RaabinDatabase/GrTh/Original/Monocyte/95-8-5-1_1_1.jpg,136,107,320,349,456,456,4
/RaabinDatabase/GrTh/Original/Monocyte/95-5-4-1_201_3.jpg,159,155,289,302,448,457,4
/RaabinDatabase/GrTh/Original/Monocyte/95-5-4-1_78_1.jpg,143,191,255,258,398,449,4
/RaabinDatabase/GrTh/Original/Monocyte/95-8-12-3_53_1.jpg,116,143,332,298,448,441,4
/RaabinDatabase/GrTh/Original/Monocyte/95-8-12-3_53_1.jpg,173,181,230,222,403,403,4
/RaabinDatabase/GrTh/Original/Monocyte/95-8-13-3_84_1.jpg,172,173,237,239,409,412,4
/RaabinDatabase/GrTh/Original/Monocyte/95-8-13-3_84_1.jpg,135,138,343,366,478,504,4
/RaabinDatabase/GrTh/Original/Monocyte/95-9-3-1_66_2.jpg,143,167,303,321,446,488,4
/RaabinDatabase/GrTh/Original/Monocyte/95-7-24-2_514_2.jpg,169,183,240,218,409,401,4
/RaabinDatabase/GrTh/Original/Monocyte/95-7-24-2_514_2.jpg,127,144,305,277,432,421,4
/RaabinDatabase/GrTh/Original/Monocyte/95-8-10-1_52_2.jpg,127,135,250,306,377,441,4
/RaabinDatabase/GrTh/Original/Monocyte/95-8-8-3_173_1.jpg,135,151,322,282,457,433,4
/RaabinDatabase/GrTh/Original/Monocyte/95-8-3-1_547_1.jpg,163,141,254,271,417,412,4
/RaabinDatabase/GrTh/Original/Monocyte/95-8-8-1_577_1.jpg,119,135,306,276,425,411,4
/RaabinDatabase/GrTh/Original/Monocyte/95-8-20-2_51_1.jpg,143,122,266,294,409,416,4
/RaabinDatabase/GrTh/Original/Monocyte/95-8-20-2_110_1.jpg,134,167,299,297,433,464,4
/RaabinDatabase/GrTh/Original/Monocyte/95-8-10-1_1000_1.jpg,151,159,274,270,425,429,4
/RaabinDatabase/GrTh/Original/Monocyte/95-8-20-1_91_2.jpg,63,111,377,370,440,481,4
/RaabinDatabase/GrTh/Original/Monocyte/95-9-4-5_88_1.jpg,87,125,367,356,454,481,4
/RaabinDatabase/GrTh/Original/Monocyte/95-9-1-2_217_1.jpg,127,151,304,394,431,545,4
/RaabinDatabase/GrTh/Original/Monocyte/95-8-3-2_411_1.jpg,119,127,343,348,462,475,4
/RaabinDatabase/GrTh/Original/Monocyte/95-8-3-2_411_1.jpg,146,183,295,210,441,393,4
/RaabinDatabase/GrTh/Original/Monocyte/95-8-12-6_55_1.jpg,149,143,252,264,401,407,4
/RaabinDatabase/GrTh/Original/Monocyte/95-8-17-4_139_1.jpg,167,175,298,289,465,464,4
/RaabinDatabase/GrTh/Original/Monocyte/95-8-20-1_99_1.jpg,138,165,311,308,449,473,4
/RaabinDatabase/GrTh/Original/Monocyte/95-5-4-1_116_1.jpg,167,151,270,274,437,425,4
/RaabinDatabase/GrTh/Original/Monocyte/95-8-17-4_105_1.jpg,79,87,399,421,478,508,4
/RaabinDatabase/GrTh/Original/Monocyte/95-8-8-2_273_1.jpg,115,136,276,326,391,462,4
/RaabinDatabase/GrTh/Original/Monocyte/95-8-10-1_820_2.jpg,143,127,271,346,414,473,4
/RaabinDatabase/GrTh/Original/Monocyte/95-8-6-1_766_1.jpg,102,119,342,330,444,449,4
/RaabinDatabase/GrTh/Original/Monocyte/95-8-10-1_468_1.jpg,156,135,311,334,467,469,4
/RaabinDatabase/GrTh/Original/Monocyte/95-8-17-1_228_1.jpg,143,159,306,354,449,513,4
/RaabinDatabase/GrTh/Original/Monocyte/95-8-17-1_228_1.jpg,160,208,259,168,419,376,4
/RaabinDatabase/GrTh/Original/Monocyte/95-8-13-5_11_2.jpg,162,95,295,378,457,473,4
/RaabinDatabase/GrTh/Original/Monocyte/95-8-17-4_136_1.jpg,152,175,254,254,406,429,4
/RaabinDatabase/GrTh/Original/Monocyte/95-8-1-1_651_1.jpg,143,71,315,349,458,420,4
/RaabinDatabase/GrTh/Original/Monocyte/95-8-8-3_98_2.jpg,96,107,320,325,416,432,4
/RaabinDatabase/GrTh/Original/Monocyte/95-8-8-3_98_2.jpg,201,135,191,266,392,401,4
/RaabinDatabase/GrTh/Original/Monocyte/95-8-22-2_190_1.jpg,138,111,343,400,481,511,4
/RaabinDatabase/GrTh/Original/Monocyte/95-8-12-4_164_1.jpg,159,151,282,242,441,393,4
/RaabinDatabase/GrTh/Original/Monocyte/95-8-8-2_410_2.jpg,143,119,298,231,441,350,4
/RaabinDatabase/GrTh/Original/Monocyte/95-8-17-3_314_1.jpg,88,87,363,369,451,456,4
/RaabinDatabase/GrTh/Original/Monocyte/95-8-20-4_121_1.jpg,36,71,438,387,474,458,4
/RaabinDatabase/GrTh/Original/Monocyte/95-9-1-2_232_1.jpg,135,123,318,374,453,497,4
/RaabinDatabase/GrTh/Original/Monocyte/95-8-8-2_231_1.jpg,131,167,318,318,449,485,4
/RaabinDatabase/GrTh/Original/Monocyte/95-8-8-2_250_1.jpg,159,167,266,265,425,432,4
/RaabinDatabase/GrTh/Original/Monocyte/95-8-6-1_586_2.jpg,140,91,317,349,457,440,4
/RaabinDatabase/GrTh/Original/Monocyte/95-8-3-1_529_1.jpg,111,143,317,359,428,502,4
/RaabinDatabase/GrTh/Original/Monocyte/95-8-3-2_168_1.jpg,111,107,339,302,450,409,4
/RaabinDatabase/GrTh/Original/Monocyte/95-5-10-1_534_1.jpg,119,71,336,390,455,461,4
/RaabinDatabase/GrTh/Original/Monocyte/95-8-17-1_251_3.jpg,127,103,308,338,435,441,4
/RaabinDatabase/GrTh/Original/Monocyte/95-8-8-2_271_1.jpg,87,132,391,304,478,436,4
/RaabinDatabase/GrTh/Original/Monocyte/95-8-8-2_271_1.jpg,188,183,200,218,388,401,4
/RaabinDatabase/GrTh/Original/Monocyte/95-5-4-1_132_1.jpg,167,115,338,338,505,453,4
/RaabinDatabase/GrTh/Original/Monocyte/95-7-24-2_232_1.jpg,143,119,290,306,433,425,4
/RaabinDatabase/GrTh/Original/Monocyte/95-5-4-1_3_1.jpg,151,135,282,282,433,417,4
/RaabinDatabase/GrTh/Original/Monocyte/95-8-12-5_1_1.jpg,178,167,225,242,403,409,4
/RaabinDatabase/GrTh/Original/Monocyte/95-8-12-5_1_1.jpg,150,106,299,406,449,512,4
/RaabinDatabase/GrTh/Original/Monocyte/95-8-13-1_90_1.jpg,188,159,204,258,392,417,4
/RaabinDatabase/GrTh/Original/Monocyte/95-8-6-1_548_1.jpg,159,80,306,388,465,468,4
/RaabinDatabase/GrTh/Original/Monocyte/95-8-6-1_548_1.jpg,170,177,225,227,395,404,4
/RaabinDatabase/GrTh/Original/Monocyte/95-9-1-2_64_1.jpg,108,131,357,306,465,437,4
/RaabinDatabase/GrTh/Original/Monocyte/95-8-8-3_155_2.jpg,167,135,300,302,467,437,4
/RaabinDatabase/GrTh/Original/Monocyte/95-8-3-1_71_1.jpg,110,127,347,407,457,534,4
/RaabinDatabase/GrTh/Original/Monocyte/95-8-10-1_997_1.jpg,152,159,262,246,414,405,4
/RaabinDatabase/GrTh/Original/Monocyte/95-8-8-2_8_2.jpg,104,151,231,163,335,314,4
/RaabinDatabase/GrTh/Original/Monocyte/95-8-8-2_8_2.jpg,163,123,278,331,441,454,4
/RaabinDatabase/GrTh/Original/Monocyte/95-8-8-2_8_2.jpg,164,179,252,209,416,388,4
/RaabinDatabase/GrTh/Original/Monocyte/95-8-10-1_783_1.jpg,121,83,320,364,441,447,4
/RaabinDatabase/GrTh/Original/Monocyte/95-8-3-1_540_1.jpg,79,72,340,336,419,408,4
/RaabinDatabase/GrTh/Original/Monocyte/95-8-17-4_23_1.jpg,114,159,335,282,449,441,4
/RaabinDatabase/GrTh/Original/Monocyte/95-5-10-1_162_6.jpg,124,145,272,307,396,452,4
/RaabinDatabase/GrTh/Original/Monocyte/95-8-12-3_97_1.jpg,143,167,257,306,400,473,4
/RaabinDatabase/GrTh/Original/Monocyte/95-8-12-6_90_1.jpg,126,111,314,362,440,473,4
/RaabinDatabase/GrTh/Original/Monocyte/95-8-12-3_47_2.jpg,111,79,363,400,474,479,4
/RaabinDatabase/GrTh/Original/Monocyte/95-8-12-3_134_1.jpg,103,137,337,364,440,501,4
/RaabinDatabase/GrTh/Original/Monocyte/95-8-10-1_1113_2.jpg,84,143,444,278,528,421,4
/RaabinDatabase/GrTh/Original/Monocyte/95-9-3-1_167_1.jpg,130,143,407,386,537,529,4
/RaabinDatabase/GrTh/Original/Monocyte/95-8-8-1_482_1.jpg,143,199,257,274,400,473,4
/RaabinDatabase/GrTh/Original/Monocyte/95-5-4-1_66_2.jpg,185,161,208,260,393,421,4
/RaabinDatabase/GrTh/Original/Monocyte/95-5-4-1_66_2.jpg,126,95,314,337,440,432,4
/RaabinDatabase/GrTh/Original/Monocyte/95-8-22-6_84_1.jpg,134,151,315,294,449,445,4
/RaabinDatabase/GrTh/Original/Monocyte/95-9-3-5_170_1.jpg,82,122,364,383,446,505,4
/RaabinDatabase/GrTh/Original/Monocyte/95-8-8-2_358_1.jpg,159,179,260,250,419,429,4
/RaabinDatabase/GrTh/Original/Monocyte/95-8-8-2_358_1.jpg,183,189,209,200,392,389,4
/RaabinDatabase/GrTh/Original/Monocyte/95-8-17-3_182_1.jpg,151,167,285,270,436,437,4
/RaabinDatabase/GrTh/Original/Monocyte/95-8-3-2_180_4.jpg,311,202,194,315,505,517,4
/RaabinDatabase/GrTh/Original/Monocyte/95-8-3-2_180_4.jpg,138,64,368,441,506,505,4
/RaabinDatabase/GrTh/Original/Monocyte/95-8-3-2_180_4.jpg,181,151,220,276,401,427,4
/RaabinDatabase/GrTh/Original/Monocyte/95-8-10-1_1027_2.jpg,135,95,330,374,465,469,4
/RaabinDatabase/GrTh/Original/Monocyte/95-8-13-1_34_1.jpg,160,159,265,258,425,417,4
/RaabinDatabase/GrTh/Original/Monocyte/95-8-1-1_273_1.jpg,135,183,309,282,444,465,4
/RaabinDatabase/GrTh/Original/Monocyte/95-8-1-1_273_1.jpg,160,221,256,140,416,361,4
/RaabinDatabase/GrTh/Original/Monocyte/95-8-13-5_8_1.jpg,109,127,337,305,446,432,4
/RaabinDatabase/GrTh/Original/Monocyte/95-9-1-2_52_3.jpg,125,177,371,279,496,456,4
/RaabinDatabase/GrTh/Original/Monocyte/95-9-1-2_52_3.jpg,167,155,249,261,416,416,4
/RaabinDatabase/GrTh/Original/Monocyte/95-5-11-1_197_1.jpg,140,151,304,282,444,433,4
/RaabinDatabase/GrTh/Original/Monocyte/95-8-17-3_288_2.jpg,131,87,310,350,441,437,4
/RaabinDatabase/GrTh/Original/Monocyte/95-9-3-4_105_1.jpg,168,143,261,298,429,441,4
/RaabinDatabase/GrTh/Original/Monocyte/95-8-12-6_58_1.jpg,118,151,344,335,462,486,4
/RaabinDatabase/GrTh/Original/Monocyte/95-8-3-2_23_2.jpg,119,104,325,304,444,408,4
/RaabinDatabase/GrTh/Original/Monocyte/95-8-1-1_11_1.jpg,143,111,314,325,457,436,4
/RaabinDatabase/GrTh/Original/Monocyte/95-8-12-6_7_2.jpg,160,143,271,258,431,401,4
/RaabinDatabase/GrTh/Original/Monocyte/95-8-17-1_269_1.jpg,127,121,322,328,449,449,4
/RaabinDatabase/GrTh/Original/Monocyte/95-9-3-3_141_1.jpg,143,117,296,315,439,432,4
/RaabinDatabase/GrTh/Original/Monocyte/95-8-17-3_114_1.jpg,135,95,330,417,465,512,4
/RaabinDatabase/GrTh/Original/Monocyte/95-8-8-2_78_1.jpg,176,159,224,201,400,360,4
/RaabinDatabase/GrTh/Original/Monocyte/95-8-8-2_78_1.jpg,139,113,342,320,481,433,4
/RaabinDatabase/GrTh/Original/Monocyte/95-8-12-5_132_1.jpg,120,88,315,342,435,430,4
/RaabinDatabase/GrTh/Original/Monocyte/95-8-10-1_201_1.jpg,151,191,290,226,441,417,4
/RaabinDatabase/GrTh/Original/Monocyte/95-8-1-1_634_1.jpg,135,143,303,359,438,502,4
/RaabinDatabase/GrTh/Original/Monocyte/95-5-5-1_119_1.jpg,140,151,277,269,417,420,4
/RaabinDatabase/GrTh/Original/Monocyte/95-8-3-2_278_2.jpg,110,143,346,331,456,474,4
/RaabinDatabase/GrTh/Original/Monocyte/95-8-3-2_278_2.jpg,140,195,290,198,430,393,4
/RaabinDatabase/GrTh/Original/Monocyte/95-8-13-5_39_1.jpg,151,147,305,325,456,472,4
/RaabinDatabase/GrTh/Original/Monocyte/95-8-17-3_110_1.jpg,142,81,313,336,455,417,4
/RaabinDatabase/GrTh/Original/Monocyte/95-8-17-3_110_1.jpg,188,195,204,197,392,392,4
/RaabinDatabase/GrTh/Original/Monocyte/95-8-13-4_486_1.jpg,120,157,305,300,425,457,4
/RaabinDatabase/GrTh/Original/Monocyte/95-9-1-2_31_2.jpg,119,95,354,365,473,460,4
/RaabinDatabase/GrTh/Original/Monocyte/95-5-4-1_156_1.jpg,143,39,293,359,436,398,4
/RaabinDatabase/GrTh/Original/Monocyte/95-5-4-1_156_1.jpg,167,199,245,178,412,377,4
/RaabinDatabase/GrTh/Original/Monocyte/95-8-3-1_209_1.jpg,126,167,308,271,434,438,4
/RaabinDatabase/GrTh/Original/Monocyte/95-8-13-2_34_1.jpg,119,111,335,314,454,425,4
/RaabinDatabase/GrTh/Original/Monocyte/95-5-11-1_96_1.jpg,151,103,309,344,460,447,4
/RaabinDatabase/GrTh/Original/Monocyte/95-5-4-1_406_48.jpg,186,215,310,265,496,480,4
/RaabinDatabase/GrTh/Original/Monocyte/95-8-10-1_582_1.jpg,151,83,257,431,408,514,4
/RaabinDatabase/GrTh/Original/Monocyte/95-8-17-1_71_1.jpg,151,143,294,342,445,485,4
/RaabinDatabase/GrTh/Original/Monocyte/95-8-12-5_6_1.jpg,92,127,372,384,464,511,4
/RaabinDatabase/GrTh/Original/Monocyte/95-8-3-2_348_2.jpg,130,138,312,323,442,461,4
/RaabinDatabase/GrTh/Original/Monocyte/95-9-1-2_94_1.jpg,127,111,352,314,479,425,4
/RaabinDatabase/GrTh/Original/Monocyte/95-8-17-3_353_1.jpg,166,175,250,233,416,408,4
/RaabinDatabase/GrTh/Original/Monocyte/95-8-17-3_353_1.jpg,142,119,346,349,488,468,4
/RaabinDatabase/GrTh/Original/Monocyte/95-8-8-2_363_1.jpg,143,135,311,329,454,464,4
/RaabinDatabase/GrTh/Original/Monocyte/95-8-1-1_60_4.jpg,149,173,276,235,425,408,4
/RaabinDatabase/GrTh/Original/Monocyte/95-8-1-1_60_4.jpg,108,116,348,383,456,499,4
/RaabinDatabase/GrTh/Original/Monocyte/95-9-1-2_159_1.jpg,166,143,249,345,415,488,4
/RaabinDatabase/GrTh/Original/Monocyte/95-5-4-1_413_1.jpg,159,167,304,257,463,424,4
/RaabinDatabase/GrTh/Original/Monocyte/95-8-10-1_1053_5.jpg,135,128,322,309,457,437,4
/RaabinDatabase/GrTh/Original/Monocyte/95-5-4-1_7_1.jpg,159,127,277,274,436,401,4
/RaabinDatabase/GrTh/Original/Monocyte/95-8-20-2_26_1.jpg,86,71,378,405,464,476,4
/RaabinDatabase/GrTh/Original/Monocyte/95-8-12-4_175_1.jpg,119,103,295,345,414,448,4
/RaabinDatabase/GrTh/Original/Monocyte/95-8-10-1_798_1.jpg,134,143,328,293,462,436,4
/RaabinDatabase/GrTh/Original/Monocyte/95-8-8-1_140_1.jpg,144,146,278,267,422,413,4
/RaabinDatabase/GrTh/Original/Monocyte/95-8-1-1_64_1.jpg,60,79,349,382,409,461,4
/RaabinDatabase/GrTh/Original/Monocyte/95-8-10-1_933_1.jpg,111,145,367,324,478,469,4
/RaabinDatabase/GrTh/Original/Monocyte/95-8-12-3_19_5.jpg,144,177,305,335,449,512,4
/RaabinDatabase/GrTh/Original/Monocyte/95-8-6-1_345_1.jpg,143,127,324,298,467,425,4
/RaabinDatabase/GrTh/Original/Monocyte/95-8-6-1_345_1.jpg,159,165,266,251,425,416,4
/RaabinDatabase/GrTh/Original/Monocyte/95-8-10-1_237_1.jpg,75,97,310,351,385,448,4
/RaabinDatabase/GrTh/Original/Monocyte/95-8-3-1_93_1.jpg,48,151,409,348,457,499,4
/RaabinDatabase/GrTh/Original/Monocyte/95-8-10-1_1291_1.jpg,167,33,297,408,464,441,4
/RaabinDatabase/GrTh/Original/Monocyte/95-8-3-2_13_6.jpg,93,119,374,434,467,553,4
/RaabinDatabase/GrTh/Original/Monocyte/95-8-10-1_919_2.jpg,157,127,306,350,463,477,4
/RaabinDatabase/GrTh/Original/Monocyte/95-8-8-2_324_2.jpg,152,93,328,340,480,433,4
/RaabinDatabase/GrTh/Original/Monocyte/95-8-6-1_217_2.jpg,167,159,237,234,404,393,4
/RaabinDatabase/GrTh/Original/Monocyte/95-8-13-4_106_1.jpg,79,135,370,319,449,454,4
/RaabinDatabase/GrTh/Original/Monocyte/95-9-1-2_328_1.jpg,133,136,302,321,435,457,4
/RaabinDatabase/GrTh/Original/Monocyte/95-5-10-1_627_1.jpg,144,125,274,286,418,411,4
/RaabinDatabase/GrTh/Original/Monocyte/95-5-10-1_627_1.jpg,167,190,244,211,411,401,4
/RaabinDatabase/GrTh/Original/Monocyte/95-8-10-1_776_1.jpg,103,66,355,362,458,428,4
/RaabinDatabase/GrTh/Original/Monocyte/95-8-13-2_4_2.jpg,63,101,410,355,473,456,4
/RaabinDatabase/GrTh/Original/Monocyte/95-5-4-1_207_3.jpg,197,158,182,218,379,376,4
/RaabinDatabase/GrTh/Original/Monocyte/95-5-4-1_207_3.jpg,151,143,285,337,436,480,4
/RaabinDatabase/GrTh/Original/Monocyte/95-8-12-4_122_1.jpg,127,111,328,358,455,469,4
/RaabinDatabase/GrTh/Original/Monocyte/95-8-12-4_122_1.jpg,191,169,202,245,393,414,4
/RaabinDatabase/GrTh/Original/Monocyte/95-9-1-2_165_1.jpg,151,139,271,281,422,420,4
/RaabinDatabase/GrTh/Original/Monocyte/95-8-10-1_812_1.jpg,123,160,302,265,425,425,4
/RaabinDatabase/GrTh/Original/Monocyte/95-9-1-2_199_1.jpg,63,135,386,316,449,451,4
/RaabinDatabase/GrTh/Original/Monocyte/95-8-8-2_204_1.jpg,141,94,315,331,456,425,4
/RaabinDatabase/GrTh/Original/Monocyte/95-8-13-4_69_1.jpg,183,172,234,245,417,417,4
/RaabinDatabase/GrTh/Original/Monocyte/95-8-13-4_69_1.jpg,95,159,383,274,478,433,4
/RaabinDatabase/GrTh/Original/Monocyte/95-8-12-5_173_1.jpg,135,139,282,271,417,410,4
/RaabinDatabase/GrTh/Original/Monocyte/95-8-10-1_267_2.jpg,148,161,310,240,458,401,4
/RaabinDatabase/GrTh/Original/Monocyte/95-8-10-1_352_1.jpg,175,112,266,333,441,445,4
/RaabinDatabase/GrTh/Original/Monocyte/95-7-24-2_297_2.jpg,128,135,342,384,470,519,4
/RaabinDatabase/GrTh/Original/Monocyte/95-7-24-2_297_2.jpg,144,191,283,195,427,386,4
/RaabinDatabase/GrTh/Original/Monocyte/95-8-12-5_98_1.jpg,151,127,333,362,484,489,4
/RaabinDatabase/GrTh/Original/Monocyte/95-5-11-1_17_1.jpg,74,143,391,366,465,509,4
/RaabinDatabase/GrTh/Original/Monocyte/95-8-3-1_182_1.jpg,126,74,344,351,470,425,4
/RaabinDatabase/GrTh/Original/Monocyte/95-8-10-1_478_1.jpg,149,197,286,188,435,385,4
/RaabinDatabase/GrTh/Original/Monocyte/95-8-10-1_478_1.jpg,88,111,395,345,483,456,4
/RaabinDatabase/GrTh/Original/Monocyte/95-8-13-1_33_1.jpg,175,165,228,239,403,404,4
/RaabinDatabase/GrTh/Original/Monocyte/95-8-10-1_822_1.jpg,135,111,290,308,425,419,4
/RaabinDatabase/GrTh/Original/Monocyte/95-9-1-2_120_1.jpg,109,111,364,341,473,452,4
/RaabinDatabase/GrTh/Original/Monocyte/95-8-8-1_594_1.jpg,175,39,250,449,425,488,4
/RaabinDatabase/GrTh/Original/Monocyte/95-8-13-3_163_1.jpg,95,151,338,389,433,540,4
/RaabinDatabase/GrTh/Original/Monocyte/95-8-3-2_213_1.jpg,110,151,319,265,429,416,4
/RaabinDatabase/GrTh/Original/Monocyte/95-5-4-1_6_1.jpg,146,117,280,292,426,409,4
/RaabinDatabase/GrTh/Original/Monocyte/95-8-22-2_311_1.jpg,127,111,386,357,513,468,4
/RaabinDatabase/GrTh/Original/Monocyte/95-8-22-1_14_1.jpg,168,124,268,331,436,455,4
/RaabinDatabase/GrTh/Original/Monocyte/95-8-22-1_14_1.jpg,159,153,257,280,416,433,4
/RaabinDatabase/GrTh/Original/Monocyte/95-8-3-1_123_1.jpg,127,111,335,358,462,469,4
/RaabinDatabase/GrTh/Original/Monocyte/95-8-8-1_412_1.jpg,151,135,258,346,409,481,4
/RaabinDatabase/GrTh/Original/Monocyte/95-8-13-3_55_2.jpg,159,247,243,164,402,411,4
/RaabinDatabase/GrTh/Original/Monocyte/95-8-13-3_55_2.jpg,77,105,382,366,459,471,4
/RaabinDatabase/GrTh/Original/Monocyte/95-8-10-1_397_1.jpg,135,75,274,365,409,440,4
/RaabinDatabase/GrTh/Original/Monocyte/95-8-12-5_183_1.jpg,183,159,282,291,465,450,4
/RaabinDatabase/GrTh/Original/Monocyte/95-8-10-1_328_1.jpg,159,135,298,286,457,421,4
/RaabinDatabase/GrTh/Original/Monocyte/95-8-3-1_316_1.jpg,114,79,306,230,420,309,4
/RaabinDatabase/GrTh/Original/Monocyte/95-8-3-1_316_1.jpg,120,175,289,254,409,429,4
/RaabinDatabase/GrTh/Original/Monocyte/95-9-1-2_219_1.jpg,119,163,318,318,437,481,4
/RaabinDatabase/GrTh/Original/Monocyte/95-5-11-1_190_1.jpg,151,89,337,424,488,513,4
/RaabinDatabase/GrTh/Original/Monocyte/95-5-11-1_190_1.jpg,175,172,223,245,398,417,4
/RaabinDatabase/GrTh/Original/Monocyte/95-8-24-2_108_2.jpg,119,151,346,327,465,478,4
/RaabinDatabase/GrTh/Original/Monocyte/95-8-10-1_78_2.jpg,116,168,317,349,433,517,4
/RaabinDatabase/GrTh/Original/Monocyte/95-5-4-1_38_1.jpg,158,151,277,282,435,433,4
/RaabinDatabase/GrTh/Original/Monocyte/95-9-1-2_350_1.jpg,127,167,306,280,433,447,4
/RaabinDatabase/GrTh/Original/Monocyte/95-8-3-2_315_1.jpg,135,127,314,320,449,447,4
/RaabinDatabase/GrTh/Original/Monocyte/95-8-17-1_125_1.jpg,127,151,300,296,427,447,4
/RaabinDatabase/GrTh/Original/Monocyte/95-8-10-1_213_1.jpg,206,168,165,238,371,406,4
/RaabinDatabase/GrTh/Original/Monocyte/95-8-10-1_213_1.jpg,174,159,242,266,416,425,4
/RaabinDatabase/GrTh/Original/Monocyte/95-8-10-1_970_1.jpg,102,87,325,394,427,481,4
/RaabinDatabase/GrTh/Original/Monocyte/95-8-10-1_275_1.jpg,144,143,265,309,409,452,4
/RaabinDatabase/GrTh/Original/Monocyte/95-8-3-1_602_1.jpg,152,111,294,329,446,440,4
/RaabinDatabase/GrTh/Original/Monocyte/95-8-12-4_43_2.jpg,135,144,299,336,434,480,4
/RaabinDatabase/GrTh/Original/Monocyte/95-8-12-5_103_1.jpg,127,111,321,361,448,472,4
/RaabinDatabase/GrTh/Original/Monocyte/95-8-10-1_119_1.jpg,175,152,218,256,393,408,4
/RaabinDatabase/GrTh/Original/Monocyte/95-8-10-1_719_1.jpg,127,143,314,283,441,426,4
/RaabinDatabase/GrTh/Original/Monocyte/95-5-11-1_153_1.jpg,60,183,365,330,425,513,4
/RaabinDatabase/GrTh/Original/Monocyte/95-9-3-5_41_1.jpg,122,95,312,356,434,451,4
/RaabinDatabase/GrTh/Original/Monocyte/95-8-24-1_190_1.jpg,127,151,300,285,427,436,4
/RaabinDatabase/GrTh/Original/Monocyte/95-8-10-1_840_1.jpg,136,127,350,306,486,433,4
/RaabinDatabase/GrTh/Original/Monocyte/95-5-4-1_204_2.jpg,154,79,308,370,462,449,4
/RaabinDatabase/GrTh/Original/Monocyte/95-8-12-2_139_1.jpg,120,175,336,345,456,520,4
/RaabinDatabase/GrTh/Original/Monocyte/95-8-13-4_12_5.jpg,87,151,345,277,432,428,4
/RaabinDatabase/GrTh/Original/Monocyte/95-8-10-1_1255_2.jpg,142,151,287,337,429,488,4
/RaabinDatabase/GrTh/Original/Monocyte/95-8-6-1_582_1.jpg,176,183,233,260,409,443,4
/RaabinDatabase/GrTh/Original/Monocyte/95-9-1-2_335_2.jpg,103,111,325,362,428,473,4
/RaabinDatabase/GrTh/Original/Monocyte/95-8-12-5_159_1.jpg,175,167,238,314,413,481,4
/RaabinDatabase/GrTh/Original/Monocyte/95-8-10-1_416_1.jpg,118,163,328,269,446,432,4
/RaabinDatabase/GrTh/Original/Monocyte/95-8-6-1_247_1.jpg,151,63,313,449,464,512,4
/RaabinDatabase/GrTh/Original/Monocyte/95-8-5-1_22_1.jpg,127,79,353,370,480,449,4
/RaabinDatabase/GrTh/Original/Monocyte/95-8-24-1_167_1.jpg,143,151,282,265,425,416,4
/RaabinDatabase/GrTh/Original/Monocyte/95-5-11-1_236_1.jpg,159,161,313,328,472,489,4
/RaabinDatabase/GrTh/Original/Monocyte/95-5-4-1_53_1.jpg,144,191,308,314,452,505,4
/RaabinDatabase/GrTh/Original/Monocyte/95-8-12-3_93_1.jpg,71,131,381,366,452,497,4
/RaabinDatabase/GrTh/Original/Monocyte/95-8-20-4_135_1.jpg,78,159,394,285,472,444,4
/RaabinDatabase/GrTh/Original/Monocyte/95-8-10-1_143_2.jpg,167,159,250,297,417,456,4
/RaabinDatabase/GrTh/Original/Monocyte/95-8-6-1_741_1.jpg,119,143,293,349,412,492,4
/RaabinDatabase/GrTh/Original/Monocyte/95-8-6-1_741_1.jpg,192,148,187,284,379,432,4
/RaabinDatabase/GrTh/Original/Monocyte/95-8-8-1_619_1.jpg,143,87,275,395,418,482,4
/RaabinDatabase/GrTh/Original/Monocyte/95-8-13-4_270_1.jpg,133,167,316,289,449,456,4
/RaabinDatabase/GrTh/Original/Monocyte/95-7-24-2_125_1.jpg,140,103,269,386,409,489,4
/RaabinDatabase/GrTh/Original/Monocyte/95-8-12-2_54_1.jpg,160,254,251,152,411,406,4
/RaabinDatabase/GrTh/Original/Monocyte/95-8-12-2_54_1.jpg,118,143,315,315,433,458,4
/RaabinDatabase/GrTh/Original/Monocyte/95-8-3-2_450_1.jpg,131,143,327,321,458,464,4
/RaabinDatabase/GrTh/Original/Monocyte/95-8-1-1_72_1.jpg,140,143,295,309,435,452,4
/RaabinDatabase/GrTh/Original/Monocyte/95-8-1-1_72_1.jpg,163,205,253,172,416,377,4
/RaabinDatabase/GrTh/Original/Monocyte/95-8-17-3_72_1.jpg,96,7,366,458,462,465,4
/RaabinDatabase/GrTh/Original/Monocyte/95-8-12-2_32_1.jpg,119,107,306,321,425,428,4
/RaabinDatabase/GrTh/Original/Monocyte/95-8-13-4_20_3.jpg,143,144,300,280,443,424,4
/RaabinDatabase/GrTh/Original/Monocyte/95-9-1-2_243_1.jpg,135,151,313,305,448,456,4
/RaabinDatabase/GrTh/Original/Monocyte/95-9-1-2_243_1.jpg,171,183,235,217,406,400,4
/RaabinDatabase/GrTh/Original/Monocyte/95-8-3-1_175_1.jpg,159,151,334,337,493,488,4
/RaabinDatabase/GrTh/Original/Monocyte/95-8-10-1_418_1.jpg,170,175,230,226,400,401,4
/RaabinDatabase/GrTh/Original/Monocyte/95-8-20-4_194_1.jpg,100,103,356,339,456,442,4
/RaabinDatabase/GrTh/Original/Monocyte/95-8-10-1_967_1.jpg,136,127,291,298,427,425,4
/RaabinDatabase/GrTh/Original/Monocyte/95-8-10-1_182_2.jpg,151,159,252,314,403,473,4
/RaabinDatabase/GrTh/Original/Monocyte/95-8-3-2_301_3.jpg,143,86,274,355,417,441,4
/RaabinDatabase/GrTh/Original/Monocyte/95-5-4-1_5_2.jpg,151,103,266,338,417,441,4
/RaabinDatabase/GrTh/Original/Monocyte/95-5-4-1_92_2.jpg,182,152,243,261,425,413,4
/RaabinDatabase/GrTh/Original/Monocyte/95-5-4-1_52_1.jpg,159,183,265,284,424,467,4
/RaabinDatabase/GrTh/Original/Monocyte/95-8-3-2_137_1.jpg,119,173,333,255,452,428,4
/RaabinDatabase/GrTh/Original/Monocyte/95-8-20-2_145_1.jpg,150,71,298,357,448,428,4
/RaabinDatabase/GrTh/Original/Monocyte/95-8-22-1_4_1.jpg,144,127,276,332,420,459,4
/RaabinDatabase/GrTh/Original/Monocyte/95-8-22-1_4_1.jpg,183,159,202,262,385,421,4
/RaabinDatabase/GrTh/Original/Monocyte/95-8-13-4_15_5.jpg,142,166,296,248,438,414,4
/RaabinDatabase/GrTh/Original/Monocyte/95-8-13-4_15_5.jpg,119,143,312,306,431,449,4
/RaabinDatabase/GrTh/Original/Monocyte/95-8-3-1_622_1.jpg,175,95,299,318,474,413,4
/RaabinDatabase/GrTh/Original/Monocyte/95-8-20-3_88_1.jpg,148,151,268,281,416,432,4
/RaabinDatabase/GrTh/Original/Monocyte/95-8-17-1_253_2.jpg,150,143,275,345,425,488,4
/RaabinDatabase/GrTh/Original/Monocyte/95-8-20-2_119_1.jpg,114,119,328,410,442,529,4
/RaabinDatabase/GrTh/Original/Monocyte/95-9-3-1_25_3.jpg,151,167,304,337,455,504,4
/RaabinDatabase/GrTh/Original/Neutrophil/95-9-4-6_121_1.jpg,150,183,275,228,425,411,5
/RaabinDatabase/GrTh/Original/Neutrophil/95-9-4-6_153_2.jpg,164,183,253,214,417,397,5
/RaabinDatabase/GrTh/Original/Neutrophil/95-8-22-5_130_2.jpg,151,159,263,258,414,417,5
/RaabinDatabase/GrTh/Original/Neutrophil/95-8-20-2_14_2.jpg,175,159,256,277,431,436,5
/RaabinDatabase/GrTh/Original/Neutrophil/95-8-8-2_133_1.jpg,127,171,290,277,417,448,5
/RaabinDatabase/GrTh/Original/Neutrophil/95-8-22-5_120_1.jpg,167,161,258,252,425,413,5
/RaabinDatabase/GrTh/Original/Neutrophil/95-8-20-2_152_1.jpg,176,167,263,263,439,430,5
/RaabinDatabase/GrTh/Original/Neutrophil/95-8-17-3_183_1.jpg,139,159,246,242,385,401,5
/RaabinDatabase/GrTh/Original/Neutrophil/95-5-11-1_235_1.jpg,154,151,242,250,396,401,5
/RaabinDatabase/GrTh/Original/Neutrophil/95-8-10-1_423_2.jpg,151,143,275,285,426,428,5
/RaabinDatabase/GrTh/Original/Neutrophil/95-5-10-1_896_1.jpg,191,183,233,240,424,423,5
/RaabinDatabase/GrTh/Original/Neutrophil/95-8-13-4_77_1.jpg,159,127,296,293,455,420,5
/RaabinDatabase/GrTh/Original/Neutrophil/95-8-8-2_373_1.jpg,165,175,252,267,417,442,5
/RaabinDatabase/GrTh/Original/Neutrophil/95-8-10-1_764_1.jpg,151,135,298,279,449,414,5
/RaabinDatabase/GrTh/Original/Neutrophil/95-8-20-4_65_1.jpg,135,167,273,285,408,452,5
/RaabinDatabase/GrTh/Original/Neutrophil/95-8-22-2_75_1.jpg,143,127,300,282,443,409,5
/RaabinDatabase/GrTh/Original/Neutrophil/95-8-10-1_540_1.jpg,152,175,241,225,393,400,5
/RaabinDatabase/GrTh/Original/Neutrophil/95-8-13-3_9_2.jpg,136,143,258,309,394,452,5
/RaabinDatabase/GrTh/Original/Neutrophil/95-8-10-1_78_1.jpg,167,119,250,282,417,401,5
/RaabinDatabase/GrTh/Original/Neutrophil/95-8-13-4_364_1.jpg,147,151,257,262,404,413,5
/RaabinDatabase/GrTh/Original/Neutrophil/95-8-8-1_533_2.jpg,197,143,244,239,441,382,5
/RaabinDatabase/GrTh/Original/Neutrophil/95-5-10-1_876_1.jpg,168,199,239,215,407,414,5
/RaabinDatabase/GrTh/Original/Neutrophil/95-9-4-7_42_1.jpg,159,183,250,226,409,409,5
/RaabinDatabase/GrTh/Original/Neutrophil/95-8-10-1_196_1.jpg,151,187,274,206,425,393,5
/RaabinDatabase/GrTh/Original/Neutrophil/95-9-4-3_9_1.jpg,167,175,244,257,411,432,5
/RaabinDatabase/GrTh/Original/Neutrophil/95-8-10-1_894_1.jpg,164,183,237,226,401,409,5
/RaabinDatabase/GrTh/Original/Neutrophil/95-8-22-2_66_1.jpg,151,176,278,273,429,449,5
/RaabinDatabase/GrTh/Original/Neutrophil/95-9-3-4_176_1.jpg,175,143,234,290,409,433,5
/RaabinDatabase/GrTh/Original/Neutrophil/95-8-10-1_418_3.jpg,145,195,278,189,423,384,5
/RaabinDatabase/GrTh/Original/Neutrophil/95-8-10-1_418_3.jpg,119,127,345,297,464,424,5
/RaabinDatabase/GrTh/Original/Neutrophil/95-8-1-1_385_1.jpg,110,188,326,244,436,432,5
/RaabinDatabase/GrTh/Original/Neutrophil/95-8-24-1_179_1.jpg,175,167,240,298,415,465,5
/RaabinDatabase/GrTh/Original/Neutrophil/95-9-3-3_51_3.jpg,151,135,298,290,449,425,5
/RaabinDatabase/GrTh/Original/Neutrophil/95-8-24-1_103_3.jpg,136,151,257,290,393,441,5
/RaabinDatabase/GrTh/Original/Neutrophil/95-5-10-1_1043_1.jpg,149,183,227,212,376,395,5
/RaabinDatabase/GrTh/Original/Neutrophil/95-8-1-1_406_4.jpg,127,151,290,268,417,419,5
/RaabinDatabase/GrTh/Original/Neutrophil/95-8-1-1_553_3.jpg,166,143,274,269,440,412,5
/RaabinDatabase/GrTh/Original/Neutrophil/95-9-4-4_121_1.jpg,167,159,232,239,399,398,5
/RaabinDatabase/GrTh/Original/Neutrophil/95-8-22-4_95_1.jpg,151,159,271,274,422,433,5
/RaabinDatabase/GrTh/Original/Neutrophil/95-8-22-5_37_1.jpg,151,167,277,270,428,437,5
/RaabinDatabase/GrTh/Original/Neutrophil/95-5-4-1_189_1.jpg,159,151,266,301,425,452,5
/RaabinDatabase/GrTh/Original/Neutrophil/95-5-10-1_93_1.jpg,155,183,273,270,428,453,5
/RaabinDatabase/GrTh/Original/Neutrophil/95-5-10-1_93_1.jpg,183,202,213,182,396,384,5
/RaabinDatabase/GrTh/Original/Neutrophil/95-8-1-1_753_1.jpg,180,127,226,287,406,414,5
/RaabinDatabase/GrTh/Original/Neutrophil/95-8-1-1_436_1.jpg,175,167,249,258,424,425,5
/RaabinDatabase/GrTh/Original/Neutrophil/95-8-1-1_684_3.jpg,181,151,212,266,393,417,5
/RaabinDatabase/GrTh/Original/Neutrophil/95-8-8-1_593_1.jpg,175,151,234,230,409,381,5
/RaabinDatabase/GrTh/Original/Neutrophil/95-8-13-2_23_1.jpg,159,143,306,289,465,432,5
/RaabinDatabase/GrTh/Original/Neutrophil/95-9-4-5_85_1.jpg,166,135,296,293,462,428,5
/RaabinDatabase/GrTh/Original/Neutrophil/95-7-24-2_331_1.jpg,143,159,265,263,408,422,5
/RaabinDatabase/GrTh/Original/Neutrophil/95-8-24-2_137_1.jpg,167,183,248,242,415,425,5
/RaabinDatabase/GrTh/Original/Neutrophil/95-8-12-5_240_2.jpg,143,135,292,298,435,433,5
/RaabinDatabase/GrTh/Original/Neutrophil/95-8-22-5_161_1.jpg,159,157,258,256,417,413,5
/RaabinDatabase/GrTh/Original/Neutrophil/95-5-4-1_327_1.jpg,120,135,348,260,468,395,5
/RaabinDatabase/GrTh/Original/Neutrophil/95-8-8-3_9_1.jpg,143,175,254,254,397,429,5
/RaabinDatabase/GrTh/Original/Neutrophil/95-8-10-1_1046_1.jpg,190,175,243,257,433,432,5
/RaabinDatabase/GrTh/Original/Neutrophil/95-8-1-1_692_1.jpg,167,171,227,246,394,417,5
/RaabinDatabase/GrTh/Original/Neutrophil/95-8-10-1_1058_1.jpg,167,185,210,219,377,404,5
/RaabinDatabase/GrTh/Original/Neutrophil/95-8-8-2_386_1.jpg,164,148,277,320,441,468,5
/RaabinDatabase/GrTh/Original/Neutrophil/95-8-3-1_653_2.jpg,151,175,244,233,395,408,5
/RaabinDatabase/GrTh/Original/Neutrophil/95-8-22-2_288_2.jpg,135,167,316,258,451,425,5
/RaabinDatabase/GrTh/Original/Neutrophil/95-8-3-1_615_2.jpg,175,180,227,222,402,402,5
/RaabinDatabase/GrTh/Original/Neutrophil/95-8-3-1_416_1.jpg,175,167,242,255,417,422,5
/RaabinDatabase/GrTh/Original/Neutrophil/95-5-10-1_725_2.jpg,191,183,202,225,393,408,5
/RaabinDatabase/GrTh/Original/Neutrophil/95-5-10-1_1110_1.jpg,183,186,215,230,398,416,5
/RaabinDatabase/GrTh/Original/Neutrophil/95-8-10-1_1124_2.jpg,127,167,279,254,406,421,5
/RaabinDatabase/GrTh/Original/Neutrophil/95-8-17-1_273_1.jpg,159,195,255,237,414,432,5
/RaabinDatabase/GrTh/Original/Neutrophil/95-8-10-1_458_1.jpg,171,151,226,317,397,468,5
/RaabinDatabase/GrTh/Original/Neutrophil/95-8-20-2_60_1.jpg,160,159,241,241,401,400,5
/RaabinDatabase/GrTh/Original/Neutrophil/95-8-3-2_388_1.jpg,149,159,300,250,449,409,5
/RaabinDatabase/GrTh/Original/Neutrophil/95-8-3-1_254_3.jpg,143,151,274,275,417,426,5
/RaabinDatabase/GrTh/Original/Neutrophil/95-8-1-1_524_2.jpg,179,143,237,344,416,487,5
/RaabinDatabase/GrTh/Original/Neutrophil/95-8-3-2_246_1.jpg,158,161,306,252,464,413,5
/RaabinDatabase/GrTh/Original/Neutrophil/95-8-10-1_246_1.jpg,160,119,262,323,422,442,5
/RaabinDatabase/GrTh/Original/Neutrophil/95-8-8-2_120_1.jpg,143,151,314,290,457,441,5
/RaabinDatabase/GrTh/Original/Neutrophil/95-9-3-4_6_1.jpg,139,167,273,277,412,444,5
/RaabinDatabase/GrTh/Original/Neutrophil/95-8-10-1_1087_2.jpg,167,169,290,272,457,441,5
/RaabinDatabase/GrTh/Original/Neutrophil/95-8-13-4_391_1.jpg,151,185,241,241,392,426,5
/RaabinDatabase/GrTh/Original/Neutrophil/95-8-22-3_172_1.jpg,168,167,235,245,403,412,5
/RaabinDatabase/GrTh/Original/Neutrophil/95-8-8-1_301_1.jpg,170,199,222,222,392,421,5
/RaabinDatabase/GrTh/Original/Neutrophil/95-9-3-5_26_1.jpg,123,129,311,311,434,440,5
/RaabinDatabase/GrTh/Original/Neutrophil/95-8-10-1_648_1.jpg,163,143,256,278,419,421,5
/RaabinDatabase/GrTh/Original/Neutrophil/95-8-12-3_101_2.jpg,143,183,309,286,452,469,5
/RaabinDatabase/GrTh/Original/Neutrophil/95-8-6-1_523_1.jpg,147,151,270,265,417,416,5
/RaabinDatabase/GrTh/Original/Neutrophil/95-8-20-4_158_1.jpg,128,127,304,294,432,421,5
/RaabinDatabase/GrTh/Original/Neutrophil/95-8-27-1_386_3.jpg,134,159,280,270,414,429,5
/RaabinDatabase/GrTh/Original/Neutrophil/95-8-10-1_1021_1.jpg,167,175,242,241,409,416,5
/RaabinDatabase/GrTh/Original/Neutrophil/95-8-8-1_175_2.jpg,167,175,248,233,415,408,5
/RaabinDatabase/GrTh/Original/Neutrophil/95-8-3-1_675_3.jpg,151,182,240,234,391,416,5
/RaabinDatabase/GrTh/Original/Neutrophil/95-8-1-1_297_1.jpg,175,127,259,310,434,437,5
/RaabinDatabase/GrTh/Original/Neutrophil/95-8-6-1_355_1.jpg,178,167,263,221,441,388,5
/RaabinDatabase/GrTh/Original/Neutrophil/95-8-8-2_195_1.jpg,127,175,314,260,441,435,5
/RaabinDatabase/GrTh/Original/Neutrophil/95-9-4-3_44_1.jpg,158,167,259,254,417,421,5
/RaabinDatabase/GrTh/Original/Neutrophil/95-8-6-1_306_1.jpg,159,175,242,230,401,405,5
/RaabinDatabase/GrTh/Original/Neutrophil/95-8-13-4_148_2.jpg,159,172,240,229,399,401,5
/RaabinDatabase/GrTh/Original/Neutrophil/95-5-10-1_167_1.jpg,155,183,241,215,396,398,5
/RaabinDatabase/GrTh/Original/Neutrophil/95-5-10-1_771_2.jpg,171,199,222,202,393,401,5
/RaabinDatabase/GrTh/Original/Neutrophil/95-8-24-2_141_1.jpg,159,151,259,266,418,417,5
/RaabinDatabase/GrTh/Original/Neutrophil/95-8-20-2_111_1.jpg,140,161,269,268,409,429,5
/RaabinDatabase/GrTh/Original/Neutrophil/95-8-17-3_51_1.jpg,116,167,333,249,449,416,5
/RaabinDatabase/GrTh/Original/Neutrophil/95-5-10-1_808_1.jpg,168,183,252,218,420,401,5
/RaabinDatabase/GrTh/Original/Neutrophil/95-8-3-1_502_1.jpg,169,175,234,217,403,392,5
/RaabinDatabase/GrTh/Original/Neutrophil/95-8-10-1_629_4.jpg,167,189,218,219,385,408,5
/RaabinDatabase/GrTh/Original/Neutrophil/95-8-3-1_638_1.jpg,141,175,284,231,425,406,5
/RaabinDatabase/GrTh/Original/Neutrophil/95-8-6-1_709_1.jpg,169,143,225,342,394,485,5
/RaabinDatabase/GrTh/Original/Neutrophil/95-8-1-1_693_1.jpg,167,175,233,268,400,443,5
/RaabinDatabase/GrTh/Original/Neutrophil/95-8-13-3_107_2.jpg,95,140,330,333,425,473,5
/RaabinDatabase/GrTh/Original/Neutrophil/95-8-8-3_98_3.jpg,143,159,274,271,417,430,5
/RaabinDatabase/GrTh/Original/Neutrophil/95-8-12-5_67_1.jpg,156,163,278,293,434,456,5
/RaabinDatabase/GrTh/Original/Neutrophil/95-9-4-4_80_1.jpg,165,176,244,243,409,419,5
/RaabinDatabase/GrTh/Original/Neutrophil/95-8-8-1_626_1.jpg,171,208,236,177,407,385,5
/RaabinDatabase/GrTh/Original/Neutrophil/95-8-8-1_626_1.jpg,164,183,276,258,440,441,5
/RaabinDatabase/GrTh/Original/Neutrophil/95-8-3-1_80_1.jpg,154,175,267,262,421,437,5
/RaabinDatabase/GrTh/Original/Neutrophil/95-8-3-2_227_2.jpg,125,151,316,265,441,416,5
/RaabinDatabase/GrTh/Original/Neutrophil/95-8-17-3_348_2.jpg,147,155,258,248,405,403,5
/RaabinDatabase/GrTh/Original/Neutrophil/95-8-13-4_367_4.jpg,159,167,247,241,406,408,5
/RaabinDatabase/GrTh/Original/Neutrophil/95-8-13-3_52_1.jpg,151,143,280,317,431,460,5
/RaabinDatabase/GrTh/Original/Neutrophil/95-8-13-4_446_1.jpg,154,151,271,247,425,398,5
/RaabinDatabase/GrTh/Original/Neutrophil/95-8-6-1_476_1.jpg,167,143,220,306,387,449,5
/RaabinDatabase/GrTh/Original/Neutrophil/95-8-12-3_146_5.jpg,151,137,250,279,401,416,5
/RaabinDatabase/GrTh/Original/Neutrophil/95-5-10-1_996_1.jpg,191,195,191,211,382,406,5
/RaabinDatabase/GrTh/Original/Neutrophil/95-8-8-1_237_1.jpg,188,199,197,197,385,396,5
/RaabinDatabase/GrTh/Original/Neutrophil/95-9-3-3_8_2.jpg,167,151,252,257,419,408,5
/RaabinDatabase/GrTh/Original/Neutrophil/95-8-13-3_187_1.jpg,122,135,310,289,432,424,5
/RaabinDatabase/GrTh/Original/Neutrophil/95-5-10-1_186_1.jpg,183,175,199,212,382,387,5
/RaabinDatabase/GrTh/Original/Neutrophil/95-9-3-3_66_1.jpg,143,191,273,274,416,465,5
/RaabinDatabase/GrTh/Original/Neutrophil/95-8-27-1_337_4.jpg,119,129,337,343,456,472,5
/RaabinDatabase/GrTh/Original/Neutrophil/95-8-12-3_41_1.jpg,173,175,252,258,425,433,5
/RaabinDatabase/GrTh/Original/Neutrophil/95-9-4-6_135_4.jpg,167,169,243,240,410,409,5
/RaabinDatabase/GrTh/Original/Neutrophil/95-8-27-1_33_3.jpg,199,183,181,210,380,393,5
/RaabinDatabase/GrTh/Original/Neutrophil/95-8-10-1_789_1.jpg,144,167,261,265,405,432,5
/RaabinDatabase/GrTh/Original/Neutrophil/95-9-1-3_15_1.jpg,173,135,257,293,430,428,5
/RaabinDatabase/GrTh/Original/Neutrophil/95-8-10-1_375_1.jpg,142,151,275,274,417,425,5
/RaabinDatabase/GrTh/Original/Neutrophil/95-8-10-1_375_1.jpg,199,192,185,198,384,390,5
/RaabinDatabase/GrTh/Original/Neutrophil/95-8-6-1_357_2.jpg,143,175,282,243,425,418,5
/RaabinDatabase/GrTh/Original/Neutrophil/95-8-12-5_53_2.jpg,117,103,380,330,497,433,5
/RaabinDatabase/GrTh/Original/Neutrophil/95-9-1-2_61_1.jpg,119,143,306,282,425,425,5
/RaabinDatabase/GrTh/Original/Neutrophil/95-8-12-4_151_1.jpg,182,159,266,242,448,401,5
/RaabinDatabase/GrTh/Original/Neutrophil/95-8-10-1_188_1.jpg,178,175,239,226,417,401,5
/RaabinDatabase/GrTh/Original/Neutrophil/95-8-6-1_146_1.jpg,183,195,202,197,385,392,5
/RaabinDatabase/GrTh/Original/Neutrophil/95-8-20-4_23_1.jpg,122,191,359,201,481,392,5
/RaabinDatabase/GrTh/Original/Neutrophil/95-8-10-1_921_2.jpg,146,127,290,305,436,432,5
/RaabinDatabase/GrTh/Original/Neutrophil/95-8-20-4_191_1.jpg,159,182,298,255,457,437,5
/RaabinDatabase/GrTh/Original/Neutrophil/95-8-22-4_60_1.jpg,145,151,272,278,417,429,5
/RaabinDatabase/GrTh/Original/Neutrophil/95-8-10-1_888_1.jpg,175,179,227,214,402,393,5
/RaabinDatabase/GrTh/Original/Neutrophil/95-8-12-4_26_1.jpg,176,151,249,258,425,409,5
/RaabinDatabase/GrTh/Original/Neutrophil/95-8-20-4_195_1.jpg,151,167,275,234,426,401,5
/RaabinDatabase/GrTh/Original/Neutrophil/95-5-10-1_550_1.jpg,143,151,250,287,393,438,5
/RaabinDatabase/GrTh/Original/Neutrophil/95-5-11-1_244_2.jpg,167,160,266,264,433,424,5
/RaabinDatabase/GrTh/Original/Neutrophil/95-8-3-2_230_1.jpg,148,167,284,298,432,465,5
/RaabinDatabase/GrTh/Original/Neutrophil/95-8-10-1_1294_3.jpg,163,183,229,234,392,417,5
/RaabinDatabase/GrTh/Original/Neutrophil/95-8-3-2_216_1.jpg,127,119,300,326,427,445,5
/RaabinDatabase/GrTh/Original/Neutrophil/95-8-13-1_32_1.jpg,166,159,226,246,392,405,5
/RaabinDatabase/GrTh/Original/Neutrophil/95-8-12-5_27_2.jpg,159,165,268,256,427,421,5
/RaabinDatabase/GrTh/Original/Neutrophil/95-8-8-1_353_1.jpg,180,199,211,202,391,401,5
/RaabinDatabase/GrTh/Original/Neutrophil/95-8-3-2_249_4.jpg,148,143,285,290,433,433,5
/RaabinDatabase/GrTh/Original/Neutrophil/95-8-13-4_412_1.jpg,167,192,251,231,418,423,5
/RaabinDatabase/GrTh/Original/Neutrophil/95-8-8-3_75_2.jpg,175,145,250,265,425,410,5
/RaabinDatabase/GrTh/Original/Neutrophil/95-8-27-1_505_4.jpg,173,159,249,238,422,397,5
/RaabinDatabase/GrTh/Original/Neutrophil/95-8-10-1_1089_2.jpg,135,145,290,291,425,436,5
/RaabinDatabase/GrTh/Original/Neutrophil/95-8-27-1_511_1.jpg,167,163,265,257,432,420,5
/RaabinDatabase/GrTh/Original/Neutrophil/95-8-10-1_494_1.jpg,151,175,290,265,441,440,5
/RaabinDatabase/GrTh/Original/Neutrophil/95-8-22-6_20_1.jpg,159,191,258,232,417,423,5
/RaabinDatabase/GrTh/Original/Neutrophil/95-8-6-1_623_1.jpg,175,183,228,242,403,425,5
/RaabinDatabase/GrTh/Original/Neutrophil/95-9-4-7_48_1.jpg,199,167,234,266,433,433,5
/RaabinDatabase/GrTh/Original/Neutrophil/95-8-3-2_280_2.jpg,151,111,272,306,423,417,5
/RaabinDatabase/GrTh/Original/Neutrophil/95-8-10-1_1247_1.jpg,178,192,215,216,393,408,5
/RaabinDatabase/GrTh/Original/Neutrophil/95-9-3-4_156_1.jpg,175,207,259,231,434,438,5
/RaabinDatabase/GrTh/Original/Neutrophil/95-8-1-1_376_1.jpg,100,151,293,258,393,409,5
/RaabinDatabase/GrTh/Original/Neutrophil/95-8-8-1_141_1.jpg,145,159,261,253,406,412,5
/RaabinDatabase/GrTh/Original/Neutrophil/95-8-1-1_758_1.jpg,175,128,268,264,443,392,5
/RaabinDatabase/GrTh/Original/Neutrophil/95-8-10-1_835_1.jpg,181,175,226,242,407,417,5
/RaabinDatabase/GrTh/Original/Neutrophil/95-8-3-1_680_1.jpg,215,175,260,271,475,446,5
/RaabinDatabase/GrTh/Original/Neutrophil/95-8-12-5_243_1.jpg,119,151,301,306,420,457,5
/RaabinDatabase/GrTh/Original/Neutrophil/95-8-22-3_142_1.jpg,167,159,234,255,401,414,5
/RaabinDatabase/GrTh/Original/Neutrophil/95-8-10-1_713_5.jpg,191,189,218,217,409,406,5
/RaabinDatabase/GrTh/Original/Neutrophil/95-8-8-1_373_3.jpg,184,164,209,261,393,425,5
/RaabinDatabase/GrTh/Original/Neutrophil/95-8-10-1_1131_1.jpg,156,167,254,239,410,406,5
/RaabinDatabase/GrTh/Original/Neutrophil/95-8-6-1_401_2.jpg,168,194,249,214,417,408,5
/RaabinDatabase/GrTh/Original/Neutrophil/95-8-12-3_119_1.jpg,130,151,295,289,425,440,5
/RaabinDatabase/GrTh/Original/Neutrophil/95-5-10-1_866_1.jpg,175,199,214,229,389,428,5
/RaabinDatabase/GrTh/Original/Neutrophil/95-8-22-2_95_3.jpg,140,175,263,253,403,428,5
/RaabinDatabase/GrTh/Original/Neutrophil/95-8-22-2_4_1.jpg,161,159,280,271,441,430,5
/RaabinDatabase/GrTh/Original/Neutrophil/95-8-6-1_116_2.jpg,199,191,218,205,417,396,5
/RaabinDatabase/GrTh/Original/Neutrophil/95-9-3-2_61_2.jpg,167,137,242,279,409,416,5
/RaabinDatabase/GrTh/Original/Neutrophil/95-5-10-1_585_2.jpg,183,159,282,238,465,397,5
/RaabinDatabase/GrTh/Original/Neutrophil/95-8-6-1_118_3.jpg,163,167,249,222,412,389,5
/RaabinDatabase/GrTh/Original/Neutrophil/95-8-10-1_1107_2.jpg,175,147,258,293,433,440,5
/RaabinDatabase/GrTh/Original/Neutrophil/95-9-1-2_52_1.jpg,127,143,320,290,447,433,5
/RaabinDatabase/GrTh/Original/Neutrophil/95-8-24-2_97_1.jpg,159,171,245,246,404,417,5
/RaabinDatabase/GrTh/Original/Neutrophil/95-8-13-3_40_1.jpg,127,151,314,286,441,437,5
/RaabinDatabase/GrTh/Original/Neutrophil/95-8-6-1_376_1.jpg,175,167,210,219,385,386,5
/RaabinDatabase/GrTh/Original/Neutrophil/95-8-3-1_44_2.jpg,167,159,258,270,425,429,5
/RaabinDatabase/GrTh/Original/Neutrophil/95-8-10-1_420_1.jpg,151,159,254,234,405,393,5
/RaabinDatabase/GrTh/Original/Neutrophil/95-8-10-1_34_1.jpg,176,191,201,194,377,385,5
/RaabinDatabase/GrTh/Original/Neutrophil/95-5-11-1_202_1.jpg,173,166,243,272,416,438,5
/RaabinDatabase/GrTh/Original/Neutrophil/95-8-12-2_134_1.jpg,183,151,225,258,408,409,5
/RaabinDatabase/GrTh/Original/Neutrophil/95-8-6-1_288_1.jpg,159,191,237,231,396,422,5
/RaabinDatabase/GrTh/Original/Neutrophil/95-5-10-1_711_3.jpg,154,155,242,241,396,396,5
/RaabinDatabase/GrTh/Original/Neutrophil/95-8-3-1_419_1.jpg,134,167,260,246,394,413,5
/RaabinDatabase/GrTh/Original/Neutrophil/95-8-27-1_257_2.jpg,147,151,254,258,401,409,5
/RaabinDatabase/GrTh/Original/Neutrophil/95-8-13-4_232_1.jpg,134,175,267,242,401,417,5
/RaabinDatabase/GrTh/Original/Neutrophil/95-8-1-1_684_1.jpg,143,119,274,305,417,424,5
/RaabinDatabase/GrTh/Original/Neutrophil/95-8-10-1_1080_1.jpg,183,167,200,210,383,377,5
/RaabinDatabase/GrTh/Original/Neutrophil/95-8-13-2_41_3.jpg,152,167,265,257,417,424,5
/RaabinDatabase/GrTh/Original/Neutrophil/95-8-13-1_26_1.jpg,151,135,274,281,425,416,5
/RaabinDatabase/GrTh/Original/Neutrophil/95-8-3-1_415_1.jpg,138,167,279,282,417,449,5
/RaabinDatabase/GrTh/Original/Neutrophil/95-8-8-1_119_1.jpg,197,191,188,192,385,383,5
/RaabinDatabase/GrTh/Original/Neutrophil/95-8-13-5_45_1.jpg,150,135,323,314,473,449,5
/RaabinDatabase/GrTh/Original/Neutrophil/95-5-11-1_211_1.jpg,159,175,266,241,425,416,5
/RaabinDatabase/GrTh/Original/Neutrophil/95-8-3-1_497_1.jpg,151,183,266,237,417,420,5
/RaabinDatabase/GrTh/Original/Neutrophil/95-8-12-5_61_2.jpg,158,143,261,295,419,438,5
/RaabinDatabase/GrTh/Original/Neutrophil/95-8-10-1_1177_2.jpg,165,151,255,271,420,422,5
/RaabinDatabase/GrTh/Original/Neutrophil/95-8-22-5_101_5.jpg,143,160,289,308,432,468,5
/RaabinDatabase/GrTh/Original/Neutrophil/95-8-20-4_176_1.jpg,147,167,273,270,420,437,5
/RaabinDatabase/GrTh/Original/Neutrophil/95-8-8-2_313_1.jpg,174,175,251,249,425,424,5
/RaabinDatabase/GrTh/Original/Neutrophil/95-5-10-1_803_1.jpg,135,167,274,257,409,424,5
/RaabinDatabase/GrTh/Original/Neutrophil/95-8-1-1_425_1.jpg,150,175,282,245,432,420,5
/RaabinDatabase/GrTh/Original/Neutrophil/95-8-12-4_35_2.jpg,175,127,236,250,411,377,5
/RaabinDatabase/GrTh/Original/Neutrophil/95-8-13-5_3_1.jpg,150,151,269,266,419,417,5
/RaabinDatabase/GrTh/Original/Neutrophil/95-8-13-4_306_1.jpg,167,175,235,226,402,401,5
/RaabinDatabase/GrTh/Original/Neutrophil/95-5-10-1_658_1.jpg,151,182,250,259,401,441,5
/RaabinDatabase/GrTh/Original/Neutrophil/95-8-22-2_103_1.jpg,135,163,298,278,433,441,5
/RaabinDatabase/GrTh/Original/Neutrophil/95-8-5-1_134_1.jpg,151,167,274,273,425,440,5
/RaabinDatabase/GrTh/Original/Neutrophil/95-8-10-1_390_1.jpg,175,167,234,229,409,396,5
/RaabinDatabase/GrTh/Original/Neutrophil/95-8-8-1_39_1.jpg,158,175,242,230,400,405,5
/RaabinDatabase/GrTh/Original/Neutrophil/95-8-27-1_504_1.jpg,127,159,325,292,452,451,5
/RaabinDatabase/GrTh/Original/Neutrophil/95-5-10-1_393_1.jpg,152,176,281,257,433,433,5
/RaabinDatabase/GrTh/Original/Neutrophil/95-8-22-2_271_1.jpg,158,135,262,274,420,409,5
/RaabinDatabase/GrTh/Original/Neutrophil/95-8-10-1_648_2.jpg,183,135,201,258,384,393,5
/RaabinDatabase/GrTh/Original/Neutrophil/95-8-3-2_265_1.jpg,167,175,266,190,433,365,5
/RaabinDatabase/GrTh/Original/Neutrophil/95-9-4-7_55_1.jpg,159,167,260,243,419,410,5
